0.0	-2.2	-2.0	-1.8	-1.6	-1.4	-1.2	-1.0	-0.8	-0.6	-0.4	-0.2	0.0	0.2	0.4	0.6	0.8	1.0	1.2	1.4	1.6	1.8	2.0	2.2	2.4	2.6	2.8	3.0
-3.8	5.253848638906612	5.245559371021983	5.233828864362863	5.217508121860506	5.195219518303339	5.165404627491344	5.126436323612528	5.076807122700846	5.015383699848516	4.941680774359952	4.856067714127481	4.7598058577077635	4.654855414259009	4.543491290698401	4.427873695214636	4.309745798003388	4.190343548537198	4.070473815165625	3.950653247537085	3.8312273726659227	3.7124469031595817	3.594510966459246	3.4775913728009615	3.361846754915198	3.247431036685495	3.1344985052693026	3.0232067381573913
-3.6	5.001339641253354	4.993252829035393	4.98175434807343	4.965699056889867	4.943713643692288	4.914244511996174	4.87566995239334	4.826488566538842	4.765573875829504	4.692448298791889	4.607489835898258	4.511969446697112	4.407857971140805	4.297441947597013	4.1828941902952845	4.065971421966049	3.9479240659607506	3.8295743547387624	3.71145513954554	3.593928898927693	3.4772639167586847	3.3616773340292476	3.2473591885368607	3.134486272076182	3.023230259738454	2.9137623847089023	2.8062559109907816
-3.4	4.749295540711824	4.741475971673407	4.73028317180531	4.714576804987352	4.692988897869591	4.663971792481756	4.625910401211347	4.577310730313517	4.517054599204693	4.444673726759726	4.360556503385623	4.265985412495627	4.162943940692021	4.053732334408217	3.940538088289976	3.8251334859750306	3.7087853067323286	3.5923328428512495	3.476326590317891	3.361147092343451	3.247080897664134	3.1343633347804767	3.0232022151564246	2.913791294857094	2.8063179506699845	2.700967348004102	2.597924360172199
-3.2	4.497864348369738	4.49039625736537	4.479604651823607	4.464355082006637	4.443286091681977	4.4148571906709515	4.377461234584933	4.329613063373673	4.2702043557939	4.198777845482045	4.1157341863383605	4.022369397557953	3.9206817086097914	3.8129871715198416	3.7014899626891102	3.587979736407377	3.473741160592451	3.359631763495878	3.2462204223034465	3.133905948775728	3.0229927245347334	2.9137330875528997	2.806350586671546	2.7010529391022	2.598039154896927	2.4975031169621364	2.3996348916480383
-3.0	4.247236702699846	4.240228982536433	4.2299616786266085	4.215307478144094	4.194912665134345	4.167245226739047	4.130707319288426	4.0838240602022555	4.02549855162692	3.9552862555035593	3.8736019594220132	3.7817572121512435	3.681767020343529	3.5759651909111034	3.4665743022257423	3.3554027348071744	3.243753922744345	3.1325039333222415	3.0222396603799875	2.913377053187118	2.806236324271968	2.7010838440339584	2.5981548506493923	2.497665823985397	2.3998210041455135	2.3048153636108615	2.212835332547014
-2.8	3.9976555079229668	3.991248005562963	3.981662676456166	3.967780595702771	3.9482570602578724	3.921569771388854	3.886131432846551	3.840478729052088	3.783527568712822	3.714847664688173	3.6348696141785712	3.5449222785760472	3.447039211198128	3.3435735471248385	3.236767438074723	3.128448575526841	3.019939016636855	2.9121323922357667	2.8056317163357547	2.700867171887691	2.5981708073681884	2.4978178670380076	2.400048905923209	2.305081562541387	2.2131164964500774	2.124339829045116	2.038923419386214
-2.6	3.7494261511391995	3.7437970870641823	3.735094148633794	3.7222079594217736	3.703803910207387	3.6783703925129534	3.644331547878564	3.6002364887692893	3.545014842933572	3.4782516155182024	3.4003944159076385	3.312790725261713	3.217493887595248	3.1168772891272263	3.01320297079486	2.908317400102164	2.803559707023993	2.699838424795782	2.5977688565010517	2.49779037306912	2.4002405673370384	2.3053960132595877	2.2134938170809835	2.124742869134497	2.0393293385812643	1.9574187850032791	1.8791562535540522
-2.4	3.502926297038589	3.4983006144531346	3.4907326448030602	3.479123264532163	3.462148537994616	3.4383079063841024	3.406037093529062	3.3638976517031622	3.310832938016258	3.24644339380492	3.171193990689744	3.0864513273166616	2.99428895962584	2.8971005129716874	2.7971670810352216	2.696351932243535	2.596007976875861	2.4970539809982486	2.4001114973268898	2.3056217122892484	2.213919118443653	2.125271799963927	2.039902567884755	1.9579998989975136	1.8797232604056122	1.8052052285277538	1.7345517982219683
-2.2	3.25861387362682	3.255271665984164	3.2491536463965596	3.2391704019252785	3.2240081028195977	3.2021763876275133	3.172121354852886	3.132415534906201	3.082014506896123	3.020532827999348	2.948451848276227	2.8671565938617434	2.7787401457957634	2.685615197011901	2.590079705629191	2.4940101339680707	2.398767965752044	2.3052754056813876	2.2141519952064614	2.1258311738871662	2.0406336645788836	1.9588075199390658	1.8805491296412848	1.8060141923625155	1.735323271020274	1.6685643645835262	1.6057939043086358
-2.0	3.0170321097924715	3.015314729160221	3.0110337499079862	3.0031061318131074	2.990225076385899	2.970907252622957	2.9436055997584556	2.9068997707392397	2.859753684924185	2.8017924895229083	2.733511024298302	2.6563104926679864	2.5723015189356877	2.4839134827130156	2.393457697377884	2.302818660210088	2.2133594451930576	2.1259970142379863	2.0413388048581296	1.9597993463747072	1.8816737184408243	1.8071777464854122	1.736469305921999	1.6696597876983785	1.6068203675745427	1.547985516485036	1.4931551458915049
-1.8	2.7788120353697443	2.7791208297268026	2.7771416106340245	2.771789503298371	2.761756585087559	2.7455588495950627	2.7216484747595007	2.6886045593956682	2.6453919042800895	2.591639564087197	2.527850438276504	2.455437811415433	2.376526614591176	2.2935596109884893	2.2088570781917065	2.1243053660466638	2.041260991431872	1.960625838945446	1.8829842242637886	1.8087201176704788	1.7380912143861713	1.6712698052283306	1.6083648994971507	1.5494346941127544	1.4944940357078338	1.4435192906644367	1.3964519742906414
-1.6	2.5446755417344264	2.547455532857626	2.548314186675967	2.5461512458367914	2.5396410159024905	2.527282422269461	2.5075117452488844	2.4788934975569723	2.440380491981348	2.391594586161733	2.3330380783586824	2.2661302933509773	2.193006410806209	2.1161191782490887	2.0377936190255577	1.9599118924558507	1.8838158785495978	1.810382721191445	1.7401631268788602	1.673499977378178	1.6106037103738267	1.5515944785570193	1.4965256306140267	1.445397643928834	1.3981671412743577	1.354753361422099	1.315043371947968
-1.4	2.3154438703021003	2.3211449327267997	2.3254197116778004	2.327138937370019	2.3249330298578164	2.317253292039102	2.302490970920253	2.2791704671835338	2.2462109544870152	2.2032095983692987	2.150655363046331	2.089965786267371	2.023282413864634	1.9530660641207747	1.8816443384586308	1.8108912559817665	1.74212797905541	1.6761993243094024	1.613614336586251	1.5546672999652182	1.4995152431243504	1.4482220079783923	1.4007835457473663	1.3571436152930028	1.317204496704274	1.2808350388881937	1.247877266847678
-1.2	2.0920542881308357	2.1010684100498196	2.109317284301886	2.115642758819534	2.1186038002842955	2.1165576261074937	2.107798715565395	2.0907645410671853	2.0643029354699554	2.0279584226924134	1.9821882764990608	1.928398935323687	1.868736268760878	1.8056712612297123	1.7415368491557488	1.6781998914234595	1.616959357952821	1.55862457151824	1.50365939713335	1.452306885151819	1.404669784395684	1.3607570722805231	1.3205113556134267	1.283826404986373	1.2505594403787204	1.2205404572191199	1.193579783805093
-1.0	1.8755813757485826	1.888164658295033	1.9008298448150478	1.9124214464392908	1.9214192829236514	1.9260362721816697	1.924392811034809	1.9147580504511674	1.895840204071431	1.8670828477111963	1.8288831697644403	1.7826253267157506	1.730461465216708	1.6748823824784485	1.618238011386799	1.562397697896638	1.5086445114329723	1.4577560573562083	1.41015397330233	1.3660337026342537	1.32544896286298	1.2883611917904008	1.2546691524387283	1.2242281456235542	1.1968635168557797	1.1723807709498721	1.1505735031970103
-0.8	1.6672523543886473	1.6834488655823365	1.7007449192870432	1.7180598833536107	1.733833714844887	1.7461136898713214	1.7527614537264091	1.7517567801854923	1.7415490424976647	1.7213909525783797	1.6915680059109177	1.6534246910720138	1.6091268581978042	1.5612066489717942	1.512056694340725	1.4635717993669184	1.4170367836162385	1.3732107021463067	1.3324838355372717	1.2950145115909109	1.2608186429150914	1.2298225175516002	1.2018945935597924	1.1768661053158092	1.1545453475506575	1.1347280554722967	1.1172051740776083
-0.6	1.468442201812867	1.4880292184818928	1.5098442993408265	1.5329854802407437	1.55595289312532	1.5766767976459668	1.5927172422416322	1.60163056571715	1.6014282549520467	1.5910095065853582	1.5704424762203457	1.540991099092566	1.5048439891506988	1.4646117912702254	1.4227757893013646	1.381298317233695	1.3414990814916796	1.3041434868475423	1.2696101216074507	1.238037332175186	1.2094193871852852	1.183663222806964	1.160622483282751	1.1401192944641734	1.1219589736337514	1.1059402978928794	1.0918627750636534
-0.4	1.280635175366913	1.303105939909786	1.3289476612801545	1.3575467273685855	1.3876097838078563	1.4170886450937406	1.4433018667265929	1.4633078598218143	1.4744789775221363	1.47510976175682	1.4648440849124866	1.4447568351736977	1.417047816508099	1.384456154191167	1.349624179930048	1.3146503445193969	1.2809432235570537	1.2493139566463083	1.2201586013765144	1.1936186584272432	1.1696863925837997	1.148266687498382	1.1292137308599164	1.112354008233072	1.09750136155075	1.0844670525042734	1.0730664872715372
-0.2	1.1053441148932037	1.129937270721651	1.1589449835752494	1.192126585922882	1.2285485232660518	1.2663894580221526	1.3029173444168989	1.3347664228198035	1.3585507406891657	1.3716714374779369	1.373012404153399	1.3632130607432145	1.3443909051552903	1.319449013742381	1.2912890033143658	1.2622495706822165	1.2339112190361052	1.2071893160333398	1.1825376580946667	1.1601298623512055	1.139978259500396	1.1220031072256254	1.1060729955594337	1.0920296079874852	1.079703458049739	1.068924003711939	1.0595260748979904
0.0	0.9439872728746127	0.9697627875252592	1.0007915075535445	1.0372421021195797	1.078655526392974	1.1236498346163646	1.1697269064685267	1.2133558323453117	1.250480358797861	1.2774274258803104	1.2919224410406611	1.2937395319178076	1.2846376927129666	1.2676237870363907	1.2459520940746502	1.2223450679933738	1.1986800143574996	1.1760634491229085	1.1550628309298507	1.1359203123270687	1.118693106093655	1.103334276195192	1.0897390452060693	1.0777725707426615	1.0672871816313885	1.0581331571655856	1.0501653618186861
0.2	0.7977347518856631	0.8236848048564955	0.8554466490445056	0.8935788885462642	0.9381417102360022	0.9883468641649655	1.0422201868432885	1.0964516460932303	1.146656814772976	1.1881870049222514	1.217345143384553	1.232509286606836	1.2345508640401917	1.2262874302870526	1.2113134240854506	1.1928875235664123	1.1733615662044632	1.154165931012977	1.1360642804558017	1.1194165808307242	1.1043551882298979	1.0908850533125256	1.0789399281390626	1.068415390751569	1.0591889923498778	1.0511326820812992	1.044120374514907
0.4	0.6673514709888553	0.6925237239370153	0.7237553979095411	0.7619279984981037	0.8075888932802512	0.8605985819200646	0.9197110358492212	0.9822233389988784	1.0439310252739542	1.0996448459522572	1.1443438720280887	1.1746380201002855	1.1898293383113798	1.1919195262546844	1.1845476940410364	1.1715519098969571	1.1559633292702498	1.1397348014006654	1.1239573717352458	1.1091835966232508	1.0956631998846151	1.0834775965517116	1.072613349756508	1.0630042438801013	1.0545565688951888	1.0471646223217361	1.0407201827270285
0.6	0.5530750790526706	0.5766799844997182	0.60629592355684	0.6430312098264708	0.6878274905577232	0.7411463649370597	0.8025374697086101	0.8701689273686425	0.9405148228641675	1.0084898016118675	1.068277557663822	1.11480093925926	1.1452891531336276	1.1600862962824632	1.1621628913618736	1.1556530509941902	1.1443676501655482	1.1310284749384856	1.1172627925478091	1.1039414963253693	1.0914994317340538	1.0801316276851363	1.069898429893389	1.0607834341565263	1.0527275053495508	1.0456494891530643	1.039458942561431
0.8	0.4545662664559375	0.4760443787036088	0.5032402229547938	0.5373851875496312	0.5796898761588298	0.6310940185395757	0.6918774465485167	0.7611618019149655	0.8364315845497136	0.913326535217173	0.9860192999297546	1.0483567666564977	1.0955376692107102	1.1255992447149912	1.1398477285348105	1.141932367452261	1.1361845875088716	1.126248777395166	1.1145656223154987	1.1025371739667915	1.0909038682391632	1.080037606050123	1.0701070844130811	1.0611652165316987	1.0531982543492269	1.0461551211622797	1.0399654174744166
1.0	0.37095013966404466	0.38998937511755327	0.4142789370875156	0.4450796478902541	0.4837423181754349	0.5315271977870069	0.5892885695374654	0.6570178602862079	0.7333106289157983	0.8149369103961831	0.8968038434626111	0.9725974478936863	1.0361596705141125	1.083206312103234	1.1125846791709948	1.1263301843801774	1.1284688862348748	1.1233395660055132	1.1143952635150087	1.1038677787748727	1.0930171900852952	1.0825091977159191	1.072681983190213	1.0636915908239315	1.0555890775726595	1.0483645279483256	1.0419736104681898
1.2	0.300937015206425	0.3174465609751461	0.3386384185091977	0.3657298566705701	0.40010087393073324	0.4431769780437815	0.4961954980238053	0.5598289095999193	0.6336841175604576	0.7157843617542885	0.8022513335588715	0.8874721059423822	0.9649573812200583	1.0288139425106284	1.075349305059126	1.10406063471601	1.1174357086907667	1.1196569055024685	1.11499294817017	1.1067397251498476	1.096989837747678	1.0869171880060027	1.0771444894322932	1.067991403313042	1.059607779890096	1.052044784813876	1.0452958785275746
1.4	0.24298565304344583	0.2570441615725554	0.27517997081692447	0.29851770284305373	0.32838371019513984	0.3662397253705797	0.41352379608068374	0.4713648232218695	0.5401622427344093	0.619082041205877	0.7056099753660039	0.7953858167433886	0.8825506690830592	0.9607115857285156	1.0243662925038381	1.0703281838278598	1.0985178737336425	1.1116542605203097	1.1139600114749362	1.1096259074122898	1.1018372338032452	1.0925982678454444	1.0830308278973548	1.073732415478548	1.0650121938065384	1.0570168779942968	1.0497982533380341
1.6	0.19546539621504183	0.20726247046132673	0.22254240283268456	0.2423099230449668	0.26778443713287126	0.3003707053665786	0.3415600380665116	0.3927289820209402	0.45481459989466755	0.5278827084660069	0.6106692117573689	0.7002457756397887	0.7919987764905746	0.880074837219242	0.9583281835458108	1.0216218837955797	1.0671091226146214	1.094939242277776	1.1079321551444405	1.1103085099429106	1.1061985074172136	1.0987148381540053	1.089806551606374	1.0805637159541241	1.07156873799028	1.0631246531262672	1.055376522534398
1.8	0.15678580364888628	0.1665701851667321	0.1792843844027985	0.19580313185585346	0.2172109066347575	0.24479727115753477	0.28000250147934364	0.32428490655913267	0.3788859456846907	0.44449130825493016	0.5208281684423482	0.6062901956552043	0.6977181540005365	0.7904639419110085	0.8788324189990173	0.9569379509103935	1.0198965221972764	1.0650461045372575	1.0926441611592475	1.1055525268915554	1.107981340342385	1.1040194282061044	1.0967330589010729	1.0880367787763092	1.0790011060797793	1.070199258939182	1.0619306099368828
2.0	0.12548175202212516	0.13352225210866042	0.1439976095136216	0.1576543159871221	0.17543286828332694	0.19847801987269492	0.22811477518851275	0.2657670788957231	0.31279719680764717	0.3702565574499853	0.4385655907687279	0.5171738431002751	0.604276202891266	0.6966656107522687	0.7898001111345493	0.8781749534017715	0.9560912208328167	1.0188009650708945	1.0637281367006401	1.0911802285509533	1.1040383668516316	1.1065036330348104	1.1026378937366201	1.0954779731631608	1.086916811036905	1.0780127916223023	1.069333471822112
