# Be7 + n > Li7 + p   [Be7_n__Li7_p]   ref=Parthenope3.0 (Serpico et al 2004)
# Forward rate N_A<sigma v> [cm^3 mol^-1 s^-1] extracted from
# parthenope3.0.f (default PIS2020 nuclear-rate selection).
# error column = sqrt((1+drate_up)/(1+drate_lo)), the full Parthenope
# 1-sigma multiplicative envelope (statistical fp/fm + systematic floor).
# T9                 rate                error
1.000000e-03 6.385684e+09 1.156670e+00
1.009262e-03 6.383653e+09 1.156651e+00
1.018610e-03 6.381614e+09 1.156632e+00
1.028045e-03 6.379566e+09 1.156613e+00
1.037567e-03 6.377509e+09 1.156593e+00
1.047177e-03 6.375443e+09 1.156574e+00
1.056876e-03 6.373369e+09 1.156554e+00
1.066665e-03 6.371285e+09 1.156535e+00
1.076545e-03 6.369193e+09 1.156515e+00
1.086516e-03 6.367092e+09 1.156495e+00
1.096579e-03 6.364982e+09 1.156475e+00
1.106736e-03 6.362864e+09 1.156455e+00
1.116987e-03 6.360736e+09 1.156435e+00
1.127333e-03 6.358598e+09 1.156415e+00
1.137774e-03 6.356452e+09 1.156394e+00
1.148312e-03 6.354297e+09 1.156374e+00
1.158948e-03 6.352133e+09 1.156353e+00
1.169683e-03 6.349959e+09 1.156333e+00
1.180517e-03 6.347776e+09 1.156312e+00
1.191451e-03 6.345584e+09 1.156291e+00
1.202486e-03 6.343383e+09 1.156270e+00
1.213624e-03 6.341172e+09 1.156249e+00
1.224865e-03 6.338952e+09 1.156228e+00
1.236210e-03 6.336723e+09 1.156208e+00
1.247660e-03 6.334484e+09 1.156187e+00
1.259216e-03 6.332236e+09 1.156165e+00
1.270879e-03 6.329978e+09 1.156144e+00
1.282650e-03 6.327711e+09 1.156122e+00
1.294530e-03 6.325434e+09 1.156100e+00
1.306520e-03 6.323147e+09 1.156078e+00
1.318621e-03 6.320851e+09 1.156057e+00
1.330835e-03 6.318546e+09 1.156034e+00
1.343161e-03 6.316230e+09 1.156012e+00
1.355602e-03 6.313905e+09 1.155990e+00
1.368158e-03 6.311570e+09 1.155968e+00
1.380830e-03 6.309225e+09 1.155945e+00
1.393619e-03 6.306870e+09 1.155923e+00
1.406527e-03 6.304505e+09 1.155900e+00
1.419555e-03 6.302131e+09 1.155877e+00
1.432703e-03 6.299746e+09 1.155854e+00
1.445973e-03 6.297352e+09 1.155831e+00
1.459366e-03 6.294948e+09 1.155808e+00
1.472883e-03 6.292533e+09 1.155785e+00
1.486525e-03 6.290108e+09 1.155762e+00
1.500293e-03 6.287673e+09 1.155738e+00
1.514189e-03 6.285228e+09 1.155715e+00
1.528214e-03 6.282772e+09 1.155691e+00
1.542369e-03 6.280307e+09 1.155667e+00
1.556654e-03 6.277830e+09 1.155643e+00
1.571072e-03 6.275344e+09 1.155619e+00
1.585624e-03 6.272847e+09 1.155595e+00
1.600310e-03 6.270340e+09 1.155571e+00
1.615133e-03 6.267823e+09 1.155546e+00
1.630092e-03 6.265294e+09 1.155522e+00
1.645191e-03 6.262756e+09 1.155497e+00
1.660429e-03 6.260207e+09 1.155473e+00
1.675808e-03 6.257647e+09 1.155448e+00
1.691330e-03 6.255077e+09 1.155423e+00
1.706995e-03 6.252495e+09 1.155397e+00
1.722805e-03 6.249903e+09 1.155372e+00
1.738762e-03 6.247300e+09 1.155348e+00
1.754867e-03 6.244686e+09 1.155322e+00
1.771121e-03 6.242062e+09 1.155297e+00
1.787526e-03 6.239427e+09 1.155271e+00
1.804082e-03 6.236781e+09 1.155245e+00
1.820792e-03 6.234124e+09 1.155219e+00
1.837656e-03 6.231456e+09 1.155193e+00
1.854677e-03 6.228776e+09 1.155167e+00
1.871855e-03 6.226086e+09 1.155141e+00
1.889193e-03 6.223384e+09 1.155114e+00
1.906691e-03 6.220672e+09 1.155088e+00
1.924351e-03 6.217948e+09 1.155061e+00
1.942175e-03 6.215213e+09 1.155034e+00
1.960163e-03 6.212467e+09 1.155007e+00
1.978319e-03 6.209709e+09 1.154980e+00
1.996642e-03 6.206940e+09 1.154953e+00
2.015136e-03 6.204159e+09 1.154925e+00
2.033800e-03 6.201368e+09 1.154898e+00
2.052638e-03 6.198565e+09 1.154870e+00
2.071650e-03 6.195750e+09 1.154843e+00
2.090838e-03 6.192923e+09 1.154815e+00
2.110203e-03 6.190085e+09 1.154787e+00
2.129749e-03 6.187235e+09 1.154758e+00
2.149475e-03 6.184373e+09 1.154730e+00
2.169384e-03 6.181500e+09 1.154702e+00
2.189477e-03 6.178615e+09 1.154674e+00
2.209756e-03 6.175718e+09 1.154644e+00
2.230223e-03 6.172810e+09 1.154616e+00
2.250880e-03 6.169889e+09 1.154588e+00
2.271728e-03 6.166957e+09 1.154558e+00
2.292769e-03 6.164012e+09 1.154529e+00
2.314005e-03 6.161056e+09 1.154499e+00
2.335438e-03 6.158087e+09 1.154470e+00
2.357069e-03 6.155107e+09 1.154440e+00
2.378901e-03 6.152114e+09 1.154411e+00
2.400935e-03 6.149108e+09 1.154380e+00
2.423173e-03 6.146091e+09 1.154350e+00
2.445617e-03 6.143061e+09 1.154320e+00
2.468268e-03 6.140019e+09 1.154290e+00
2.491130e-03 6.136965e+09 1.154259e+00
2.514203e-03 6.133899e+09 1.154228e+00
2.537490e-03 6.130820e+09 1.154197e+00
2.560993e-03 6.127729e+09 1.154166e+00
2.584714e-03 6.124624e+09 1.154135e+00
2.608654e-03 6.121507e+09 1.154104e+00
2.632815e-03 6.118378e+09 1.154073e+00
2.657201e-03 6.115236e+09 1.154041e+00
2.681813e-03 6.112081e+09 1.154010e+00
2.706652e-03 6.108914e+09 1.153977e+00
2.731722e-03 6.105734e+09 1.153945e+00
2.757023e-03 6.102541e+09 1.153913e+00
2.782559e-03 6.099334e+09 1.153880e+00
2.808332e-03 6.096115e+09 1.153848e+00
2.834343e-03 6.092883e+09 1.153815e+00
2.860596e-03 6.089639e+09 1.153783e+00
2.887091e-03 6.086380e+09 1.153750e+00
2.913832e-03 6.083108e+09 1.153716e+00
2.940820e-03 6.079823e+09 1.153682e+00
2.968059e-03 6.076526e+09 1.153649e+00
2.995549e-03 6.073215e+09 1.153615e+00
3.023295e-03 6.069891e+09 1.153581e+00
3.051297e-03 6.066552e+09 1.153547e+00
3.079559e-03 6.063201e+09 1.153513e+00
3.108082e-03 6.059835e+09 1.153479e+00
3.136870e-03 6.056457e+09 1.153444e+00
3.165924e-03 6.053064e+09 1.153409e+00
3.195248e-03 6.049658e+09 1.153374e+00
3.224842e-03 6.046238e+09 1.153339e+00
3.254712e-03 6.042804e+09 1.153304e+00
3.284857e-03 6.039356e+09 1.153268e+00
3.315282e-03 6.035894e+09 1.153232e+00
3.345989e-03 6.032418e+09 1.153195e+00
3.376980e-03 6.028928e+09 1.153159e+00
3.408259e-03 6.025423e+09 1.153122e+00
3.439826e-03 6.021904e+09 1.153086e+00
3.471687e-03 6.018370e+09 1.153049e+00
3.503842e-03 6.014821e+09 1.153011e+00
3.536296e-03 6.011257e+09 1.152974e+00
3.569049e-03 6.007679e+09 1.152936e+00
3.602107e-03 6.004085e+09 1.152898e+00
3.635470e-03 6.000476e+09 1.152859e+00
3.669142e-03 5.996852e+09 1.152821e+00
3.703127e-03 5.993213e+09 1.152782e+00
3.737426e-03 5.989558e+09 1.152742e+00
3.772042e-03 5.985887e+09 1.152703e+00
3.806980e-03 5.982200e+09 1.152663e+00
3.842241e-03 5.978496e+09 1.152622e+00
3.877828e-03 5.974777e+09 1.152581e+00
3.913746e-03 5.971040e+09 1.152539e+00
3.949995e-03 5.967287e+09 1.152498e+00
3.986581e-03 5.963516e+09 1.152455e+00
4.023506e-03 5.959728e+09 1.152412e+00
4.060772e-03 5.955922e+09 1.152369e+00
4.098384e-03 5.952098e+09 1.152325e+00
4.136344e-03 5.948256e+09 1.152281e+00
4.174655e-03 5.944396e+09 1.152236e+00
4.213322e-03 5.940517e+09 1.152190e+00
4.252346e-03 5.936618e+09 1.152144e+00
4.291732e-03 5.932699e+09 1.152097e+00
4.331483e-03 5.928760e+09 1.152049e+00
4.371602e-03 5.924801e+09 1.152000e+00
4.412093e-03 5.920820e+09 1.151950e+00
4.452959e-03 5.916819e+09 1.151899e+00
4.494203e-03 5.912795e+09 1.151848e+00
4.535829e-03 5.908749e+09 1.151796e+00
4.577841e-03 5.904680e+09 1.151742e+00
4.620241e-03 5.900587e+09 1.151687e+00
4.663035e-03 5.896470e+09 1.151632e+00
4.706225e-03 5.892329e+09 1.151575e+00
4.749815e-03 5.888161e+09 1.151516e+00
4.793808e-03 5.883968e+09 1.151456e+00
4.838210e-03 5.879748e+09 1.151395e+00
4.883022e-03 5.875500e+09 1.151332e+00
4.928250e-03 5.871224e+09 1.151268e+00
4.973896e-03 5.866919e+09 1.151202e+00
5.019965e-03 5.862584e+09 1.151134e+00
5.066461e-03 5.858218e+09 1.151064e+00
5.113388e-03 5.853821e+09 1.150992e+00
5.160749e-03 5.849391e+09 1.150917e+00
5.208549e-03 5.844927e+09 1.150841e+00
5.256791e-03 5.840428e+09 1.150762e+00
5.305481e-03 5.835894e+09 1.150682e+00
5.354621e-03 5.831323e+09 1.150599e+00
5.404216e-03 5.826716e+09 1.150512e+00
5.454271e-03 5.822069e+09 1.150423e+00
5.504790e-03 5.817382e+09 1.150331e+00
5.555776e-03 5.812654e+09 1.150236e+00
5.607235e-03 5.807884e+09 1.150138e+00
5.659170e-03 5.803070e+09 1.150037e+00
5.711586e-03 5.798211e+09 1.149931e+00
5.764488e-03 5.793306e+09 1.149822e+00
5.817880e-03 5.788353e+09 1.149710e+00
5.871766e-03 5.783352e+09 1.149594e+00
5.926152e-03 5.778300e+09 1.149473e+00
5.981041e-03 5.773197e+09 1.149349e+00
6.036439e-03 5.768041e+09 1.149220e+00
6.092349e-03 5.762830e+09 1.149086e+00
6.148778e-03 5.757563e+09 1.148947e+00
6.205729e-03 5.752239e+09 1.148803e+00
6.263207e-03 5.746856e+09 1.148654e+00
6.321218e-03 5.741411e+09 1.148500e+00
6.379767e-03 5.735905e+09 1.148341e+00
6.438857e-03 5.730335e+09 1.148176e+00
6.498495e-03 5.724700e+09 1.148005e+00
6.558686e-03 5.718998e+09 1.147828e+00
6.619433e-03 5.713227e+09 1.147645e+00
6.680744e-03 5.707386e+09 1.147455e+00
6.742622e-03 5.701473e+09 1.147259e+00
6.805074e-03 5.695487e+09 1.147056e+00
6.868104e-03 5.689426e+09 1.146846e+00
6.931717e-03 5.683288e+09 1.146629e+00
6.995920e-03 5.677071e+09 1.146404e+00
7.060718e-03 5.670774e+09 1.146171e+00
7.126115e-03 5.664396e+09 1.145931e+00
7.192119e-03 5.657935e+09 1.145682e+00
7.258734e-03 5.651390e+09 1.145426e+00
7.325965e-03 5.644757e+09 1.145161e+00
7.393820e-03 5.638036e+09 1.144887e+00
7.462303e-03 5.631227e+09 1.144604e+00
7.531420e-03 5.624326e+09 1.144312e+00
7.601178e-03 5.617332e+09 1.144011e+00
7.671581e-03 5.610245e+09 1.143702e+00
7.742637e-03 5.603062e+09 1.143382e+00
7.814351e-03 5.595782e+09 1.143053e+00
7.886729e-03 5.588405e+09 1.142713e+00
7.959777e-03 5.580927e+09 1.142363e+00
8.033502e-03 5.573349e+09 1.142003e+00
8.107910e-03 5.565669e+09 1.141633e+00
8.183007e-03 5.557887e+09 1.141252e+00
8.258799e-03 5.549999e+09 1.140860e+00
8.335294e-03 5.542006e+09 1.140457e+00
8.412497e-03 5.533906e+09 1.140043e+00
8.490415e-03 5.525699e+09 1.139618e+00
8.569055e-03 5.517384e+09 1.139181e+00
8.648423e-03 5.508959e+09 1.138733e+00
8.728527e-03 5.500424e+09 1.138273e+00
8.809372e-03 5.491779e+09 1.137801e+00
8.890966e-03 5.483022e+09 1.137318e+00
8.973316e-03 5.474153e+09 1.136822e+00
9.056428e-03 5.465171e+09 1.136314e+00
9.140311e-03 5.456077e+09 1.135795e+00
9.224970e-03 5.446869e+09 1.135263e+00
9.310413e-03 5.437547e+09 1.134718e+00
9.396648e-03 5.428112e+09 1.134161e+00
9.483682e-03 5.418562e+09 1.133591e+00
9.571522e-03 5.408898e+09 1.133009e+00
9.660175e-03 5.399120e+09 1.132415e+00
9.749649e-03 5.389228e+09 1.131807e+00
9.839952e-03 5.379222e+09 1.131187e+00
9.931092e-03 5.369102e+09 1.130555e+00
1.002308e-02 5.358869e+09 1.129910e+00
1.011591e-02 5.348523e+09 1.129252e+00
1.020961e-02 5.338065e+09 1.128581e+00
1.030417e-02 5.327496e+09 1.127898e+00
1.039961e-02 5.316815e+09 1.127203e+00
1.049593e-02 5.306024e+09 1.126495e+00
1.059315e-02 5.295124e+09 1.125774e+00
1.069126e-02 5.284115e+09 1.125040e+00
1.079029e-02 5.272999e+09 1.124295e+00
1.089023e-02 5.261777e+09 1.123537e+00
1.099110e-02 5.250449e+09 1.122768e+00
1.109290e-02 5.239017e+09 1.121986e+00
1.119564e-02 5.227482e+09 1.121191e+00
1.129934e-02 5.215847e+09 1.120386e+00
1.140400e-02 5.204113e+09 1.119568e+00
1.150962e-02 5.192281e+09 1.118739e+00
1.161623e-02 5.180353e+09 1.117899e+00
1.172382e-02 5.168330e+09 1.117047e+00
1.183241e-02 5.156214e+09 1.116185e+00
1.194200e-02 5.144008e+09 1.115311e+00
1.205261e-02 5.131712e+09 1.114426e+00
1.216424e-02 5.119330e+09 1.113531e+00
1.227691e-02 5.106864e+09 1.112626e+00
1.239062e-02 5.094316e+09 1.111711e+00
1.250539e-02 5.081687e+09 1.110787e+00
1.262121e-02 5.068980e+09 1.109852e+00
1.273811e-02 5.056198e+09 1.108908e+00
1.285610e-02 5.043343e+09 1.107954e+00
1.297517e-02 5.030417e+09 1.106992e+00
1.309535e-02 5.017423e+09 1.106022e+00
1.321664e-02 5.004363e+09 1.105044e+00
1.333906e-02 4.991241e+09 1.104057e+00
1.346261e-02 4.978059e+09 1.103062e+00
1.358730e-02 4.964819e+09 1.102060e+00
1.371315e-02 4.951525e+09 1.101051e+00
1.384016e-02 4.938179e+09 1.100036e+00
1.396835e-02 4.924784e+09 1.099013e+00
1.409773e-02 4.911342e+09 1.097985e+00
1.422830e-02 4.897857e+09 1.096950e+00
1.436009e-02 4.884332e+09 1.095911e+00
1.449310e-02 4.870770e+09 1.094866e+00
1.462733e-02 4.857173e+09 1.093816e+00
1.476281e-02 4.843544e+09 1.092761e+00
1.489955e-02 4.829887e+09 1.091703e+00
1.503755e-02 4.816204e+09 1.090641e+00
1.517683e-02 4.802499e+09 1.089575e+00
1.531740e-02 4.788774e+09 1.088506e+00
1.545928e-02 4.775034e+09 1.087435e+00
1.560246e-02 4.761280e+09 1.086362e+00
1.574698e-02 4.747515e+09 1.085286e+00
1.589283e-02 4.733742e+09 1.084209e+00
1.604003e-02 4.719964e+09 1.083131e+00
1.618860e-02 4.706186e+09 1.082052e+00
1.633854e-02 4.692409e+09 1.080972e+00
1.648987e-02 4.678637e+09 1.079893e+00
1.664260e-02 4.664873e+09 1.078813e+00
1.679675e-02 4.651120e+09 1.077735e+00
1.695232e-02 4.637379e+09 1.076657e+00
1.710934e-02 4.623655e+09 1.075582e+00
1.726781e-02 4.609949e+09 1.074508e+00
1.742775e-02 4.596266e+09 1.073435e+00
1.758917e-02 4.582607e+09 1.072366e+00
1.775208e-02 4.568976e+09 1.071301e+00
1.791650e-02 4.555376e+09 1.070238e+00
1.808245e-02 4.541808e+09 1.069178e+00
1.824993e-02 4.528276e+09 1.068124e+00
1.841897e-02 4.514782e+09 1.067073e+00
1.858957e-02 4.501329e+09 1.066028e+00
1.876175e-02 4.487919e+09 1.064988e+00
1.893552e-02 4.474555e+09 1.063953e+00
1.911091e-02 4.461239e+09 1.062925e+00
1.928792e-02 4.447975e+09 1.061902e+00
1.946656e-02 4.434763e+09 1.060887e+00
1.964687e-02 4.421607e+09 1.059879e+00
1.982884e-02 4.408507e+09 1.058878e+00
2.001250e-02 4.395467e+09 1.057885e+00
2.019786e-02 4.382490e+09 1.056900e+00
2.038493e-02 4.369576e+09 1.055923e+00
2.057374e-02 4.356728e+09 1.054955e+00
2.076430e-02 4.343948e+09 1.053996e+00
2.095662e-02 4.331237e+09 1.053047e+00
2.115073e-02 4.318598e+09 1.052107e+00
2.134663e-02 4.306033e+09 1.051178e+00
2.154435e-02 4.293542e+09 1.050259e+00
2.174389e-02 4.281128e+09 1.049351e+00
2.194529e-02 4.268793e+09 1.048453e+00
2.214855e-02 4.256537e+09 1.047568e+00
2.235370e-02 4.244362e+09 1.046694e+00
2.256074e-02 4.232270e+09 1.045831e+00
2.276970e-02 4.220261e+09 1.044981e+00
2.298060e-02 4.208338e+09 1.044144e+00
2.319345e-02 4.196502e+09 1.043318e+00
2.340827e-02 4.184753e+09 1.042506e+00
2.362508e-02 4.173093e+09 1.041708e+00
2.384390e-02 4.161522e+09 1.040923e+00
2.406475e-02 4.150041e+09 1.040152e+00
2.428764e-02 4.138652e+09 1.039395e+00
2.451260e-02 4.127355e+09 1.038652e+00
2.473964e-02 4.116152e+09 1.037923e+00
2.496878e-02 4.105042e+09 1.037210e+00
2.520005e-02 4.094026e+09 1.036512e+00
2.543346e-02 4.083105e+09 1.035829e+00
2.566903e-02 4.072279e+09 1.035162e+00
2.590678e-02 4.061550e+09 1.034510e+00
2.614673e-02 4.050917e+09 1.033875e+00
2.638891e-02 4.040380e+09 1.033255e+00
2.663333e-02 4.029940e+09 1.032651e+00
2.688001e-02 4.019596e+09 1.032064e+00
2.712898e-02 4.009351e+09 1.031494e+00
2.738025e-02 3.999203e+09 1.030940e+00
2.763385e-02 3.989152e+09 1.030403e+00
2.788980e-02 3.979198e+09 1.029884e+00
2.814812e-02 3.969341e+09 1.029381e+00
2.840884e-02 3.959582e+09 1.028896e+00
2.867196e-02 3.949920e+09 1.028428e+00
2.893753e-02 3.940355e+09 1.027978e+00
2.920556e-02 3.930886e+09 1.027545e+00
2.947606e-02 3.921513e+09 1.027130e+00
2.974908e-02 3.912236e+09 1.026732e+00
3.002462e-02 3.903054e+09 1.026352e+00
3.030271e-02 3.893968e+09 1.025988e+00
3.058338e-02 3.884976e+09 1.025642e+00
3.086665e-02 3.876078e+09 1.025313e+00
3.115254e-02 3.867273e+09 1.025001e+00
3.144108e-02 3.858561e+09 1.024706e+00
3.173230e-02 3.849941e+09 1.024428e+00
3.202621e-02 3.841412e+09 1.024165e+00
3.232284e-02 3.832974e+09 1.023918e+00
3.262222e-02 3.824626e+09 1.023687e+00
3.292437e-02 3.816367e+09 1.023472e+00
3.322933e-02 3.808195e+09 1.023270e+00
3.353710e-02 3.800112e+09 1.023083e+00
3.384773e-02 3.792115e+09 1.022909e+00
3.416123e-02 3.784202e+09 1.022749e+00
3.447764e-02 3.776375e+09 1.022601e+00
3.479698e-02 3.768630e+09 1.022465e+00
3.511928e-02 3.760968e+09 1.022340e+00
3.544456e-02 3.753388e+09 1.022227e+00
3.577285e-02 3.745888e+09 1.022124e+00
3.610419e-02 3.738468e+09 1.022030e+00
3.643859e-02 3.731125e+09 1.021945e+00
3.677609e-02 3.723860e+09 1.021868e+00
3.711672e-02 3.716670e+09 1.021800e+00
3.746050e-02 3.709554e+09 1.021739e+00
3.780747e-02 3.702512e+09 1.021684e+00
3.815765e-02 3.695542e+09 1.021635e+00
3.851107e-02 3.688643e+09 1.021592e+00
3.886777e-02 3.681814e+09 1.021555e+00
3.922777e-02 3.675052e+09 1.021522e+00
3.959110e-02 3.668359e+09 1.021493e+00
3.995780e-02 3.661731e+09 1.021467e+00
4.032790e-02 3.655168e+09 1.021445e+00
4.070142e-02 3.648668e+09 1.021427e+00
4.107841e-02 3.642229e+09 1.021411e+00
4.145888e-02 3.635852e+09 1.021397e+00
4.184289e-02 3.629534e+09 1.021385e+00
4.223044e-02 3.623273e+09 1.021376e+00
4.262159e-02 3.617070e+09 1.021367e+00
4.301636e-02 3.610921e+09 1.021361e+00
4.341478e-02 3.604826e+09 1.021355e+00
4.381690e-02 3.598784e+09 1.021350e+00
4.422274e-02 3.592793e+09 1.021346e+00
4.463234e-02 3.586852e+09 1.021343e+00
4.504573e-02 3.580959e+09 1.021341e+00
4.546295e-02 3.575113e+09 1.021339e+00
4.588404e-02 3.569314e+09 1.021337e+00
4.630903e-02 3.563558e+09 1.021336e+00
4.673795e-02 3.557846e+09 1.021336e+00
4.717085e-02 3.552175e+09 1.021336e+00
4.760775e-02 3.546545e+09 1.021336e+00
4.804870e-02 3.540954e+09 1.021337e+00
4.849374e-02 3.535400e+09 1.021337e+00
4.894290e-02 3.529883e+09 1.021338e+00
4.939622e-02 3.524401e+09 1.021339e+00
4.985373e-02 3.518953e+09 1.021340e+00
5.031549e-02 3.513537e+09 1.021342e+00
5.078152e-02 3.508152e+09 1.021344e+00
5.125187e-02 3.502797e+09 1.021346e+00
5.172657e-02 3.497471e+09 1.021349e+00
5.220568e-02 3.492172e+09 1.021352e+00
5.268921e-02 3.486899e+09 1.021355e+00
5.317723e-02 3.481651e+09 1.021359e+00
5.366977e-02 3.476426e+09 1.021363e+00
5.416687e-02 3.471224e+09 1.021368e+00
5.466857e-02 3.466044e+09 1.021373e+00
5.517492e-02 3.460883e+09 1.021378e+00
5.568596e-02 3.455741e+09 1.021384e+00
5.620174e-02 3.450617e+09 1.021390e+00
5.672229e-02 3.445509e+09 1.021397e+00
5.724766e-02 3.440416e+09 1.021404e+00
5.777790e-02 3.435338e+09 1.021412e+00
5.831305e-02 3.430273e+09 1.021421e+00
5.885316e-02 3.425219e+09 1.021430e+00
5.939827e-02 3.420177e+09 1.021439e+00
5.994843e-02 3.415144e+09 1.021449e+00
6.050368e-02 3.410120e+09 1.021459e+00
6.106408e-02 3.405104e+09 1.021469e+00
6.162966e-02 3.400095e+09 1.021480e+00
6.220049e-02 3.395091e+09 1.021493e+00
6.277660e-02 3.390093e+09 1.021505e+00
6.335805e-02 3.385098e+09 1.021516e+00
6.394488e-02 3.380106e+09 1.021529e+00
6.453715e-02 3.375116e+09 1.021542e+00
6.513491e-02 3.370126e+09 1.021555e+00
6.573820e-02 3.365137e+09 1.021569e+00
6.634708e-02 3.360147e+09 1.021583e+00
6.696160e-02 3.355155e+09 1.021597e+00
6.758181e-02 3.350160e+09 1.021611e+00
6.820777e-02 3.345163e+09 1.021625e+00
6.883952e-02 3.340161e+09 1.021639e+00
6.947713e-02 3.335154e+09 1.021653e+00
7.012064e-02 3.330141e+09 1.021668e+00
7.077011e-02 3.325122e+09 1.021682e+00
7.142559e-02 3.320095e+09 1.021697e+00
7.208715e-02 3.315061e+09 1.021711e+00
7.275484e-02 3.310017e+09 1.021726e+00
7.342870e-02 3.304965e+09 1.021740e+00
7.410882e-02 3.299902e+09 1.021753e+00
7.479523e-02 3.294828e+09 1.021767e+00
7.548799e-02 3.289743e+09 1.021780e+00
7.618718e-02 3.284646e+09 1.021794e+00
7.689284e-02 3.279536e+09 1.021807e+00
7.760503e-02 3.274413e+09 1.021819e+00
7.832383e-02 3.269276e+09 1.021831e+00
7.904928e-02 3.264124e+09 1.021843e+00
7.978145e-02 3.258958e+09 1.021855e+00
8.052040e-02 3.253776e+09 1.021867e+00
8.126619e-02 3.248578e+09 1.021878e+00
8.201889e-02 3.243364e+09 1.021888e+00
8.277857e-02 3.238133e+09 1.021898e+00
8.354528e-02 3.232885e+09 1.021908e+00
8.431909e-02 3.227618e+09 1.021917e+00
8.510007e-02 3.222334e+09 1.021925e+00
8.588829e-02 3.217031e+09 1.021933e+00
8.668380e-02 3.211709e+09 1.021941e+00
8.748668e-02 3.206368e+09 1.021948e+00
8.829700e-02 3.201006e+09 1.021954e+00
8.911482e-02 3.195624e+09 1.021960e+00
8.994022e-02 3.190222e+09 1.021965e+00
9.077327e-02 3.184799e+09 1.021971e+00
9.161402e-02 3.179356e+09 1.021976e+00
9.246257e-02 3.173891e+09 1.021980e+00
9.331898e-02 3.168404e+09 1.021984e+00
9.418332e-02 3.162895e+09 1.021986e+00
9.505566e-02 3.157365e+09 1.021989e+00
9.593608e-02 3.151812e+09 1.021991e+00
9.682466e-02 3.146236e+09 1.021993e+00
9.772147e-02 3.140637e+09 1.021995e+00
9.862658e-02 3.135016e+09 1.021996e+00
9.954008e-02 3.129372e+09 1.021996e+00
1.004620e-01 3.123704e+09 1.021996e+00
1.013925e-01 3.118014e+09 1.021996e+00
1.023317e-01 3.112299e+09 1.021995e+00
1.032795e-01 3.106560e+09 1.021994e+00
1.042361e-01 3.100798e+09 1.021993e+00
1.052015e-01 3.095012e+09 1.021991e+00
1.061759e-01 3.089203e+09 1.021989e+00
1.071593e-01 3.083369e+09 1.021987e+00
1.081519e-01 3.077512e+09 1.021984e+00
1.091536e-01 3.071630e+09 1.021981e+00
1.101646e-01 3.065724e+09 1.021978e+00
1.111850e-01 3.059794e+09 1.021974e+00
1.122148e-01 3.053841e+09 1.021971e+00
1.132541e-01 3.047863e+09 1.021967e+00
1.143031e-01 3.041861e+09 1.021963e+00
1.153618e-01 3.035834e+09 1.021959e+00
1.164303e-01 3.029784e+09 1.021954e+00
1.175087e-01 3.023709e+09 1.021950e+00
1.185971e-01 3.017611e+09 1.021945e+00
1.196956e-01 3.011490e+09 1.021940e+00
1.208042e-01 3.005344e+09 1.021935e+00
1.219231e-01 2.999175e+09 1.021931e+00
1.230524e-01 2.992982e+09 1.021926e+00
1.241921e-01 2.986766e+09 1.021920e+00
1.253424e-01 2.980527e+09 1.021915e+00
1.265034e-01 2.974264e+09 1.021910e+00
1.276751e-01 2.967978e+09 1.021905e+00
1.288576e-01 2.961670e+09 1.021900e+00
1.300511e-01 2.955339e+09 1.021895e+00
1.312557e-01 2.948985e+09 1.021890e+00
1.324714e-01 2.942608e+09 1.021885e+00
1.336984e-01 2.936210e+09 1.021879e+00
1.349367e-01 2.929789e+09 1.021874e+00
1.361865e-01 2.923347e+09 1.021869e+00
1.374479e-01 2.916883e+09 1.021864e+00
1.387210e-01 2.910398e+09 1.021860e+00
1.400058e-01 2.903892e+09 1.021855e+00
1.413026e-01 2.897365e+09 1.021850e+00
1.426114e-01 2.890816e+09 1.021845e+00
1.439323e-01 2.884248e+09 1.021841e+00
1.452654e-01 2.877659e+09 1.021836e+00
1.466109e-01 2.871051e+09 1.021832e+00
1.479688e-01 2.864422e+09 1.021828e+00
1.493393e-01 2.857774e+09 1.021824e+00
1.507225e-01 2.851107e+09 1.021820e+00
1.521186e-01 2.844421e+09 1.021816e+00
1.535275e-01 2.837717e+09 1.021812e+00
1.549495e-01 2.830995e+09 1.021809e+00
1.563847e-01 2.824254e+09 1.021806e+00
1.578331e-01 2.817496e+09 1.021802e+00
1.592950e-01 2.810720e+09 1.021799e+00
1.607704e-01 2.803928e+09 1.021796e+00
1.622595e-01 2.797118e+09 1.021793e+00
1.637624e-01 2.790293e+09 1.021791e+00
1.652792e-01 2.783451e+09 1.021788e+00
1.668101e-01 2.776594e+09 1.021786e+00
1.683551e-01 2.769721e+09 1.021783e+00
1.699144e-01 2.762834e+09 1.021781e+00
1.714882e-01 2.755931e+09 1.021779e+00
1.730766e-01 2.749014e+09 1.021777e+00
1.746796e-01 2.742083e+09 1.021776e+00
1.762975e-01 2.735139e+09 1.021774e+00
1.779304e-01 2.728182e+09 1.021773e+00
1.795785e-01 2.721211e+09 1.021771e+00
1.812418e-01 2.714228e+09 1.021770e+00
1.829205e-01 2.707232e+09 1.021770e+00
1.846147e-01 2.700226e+09 1.021769e+00
1.863246e-01 2.693208e+09 1.021769e+00
1.880504e-01 2.686179e+09 1.021768e+00
1.897922e-01 2.679140e+09 1.021768e+00
1.915501e-01 2.672090e+09 1.021767e+00
1.933242e-01 2.665031e+09 1.021767e+00
1.951148e-01 2.657962e+09 1.021768e+00
1.969220e-01 2.650884e+09 1.021768e+00
1.987460e-01 2.643797e+09 1.021768e+00
2.005868e-01 2.636702e+09 1.021768e+00
2.024447e-01 2.629600e+09 1.021769e+00
2.043197e-01 2.622490e+09 1.021770e+00
2.062122e-01 2.615374e+09 1.021771e+00
2.081222e-01 2.608250e+09 1.021772e+00
2.100498e-01 2.601121e+09 1.021773e+00
2.119953e-01 2.593986e+09 1.021774e+00
2.139589e-01 2.586845e+09 1.021775e+00
2.159406e-01 2.579700e+09 1.021777e+00
2.179407e-01 2.572551e+09 1.021779e+00
2.199593e-01 2.565397e+09 1.021781e+00
2.219966e-01 2.558240e+09 1.021782e+00
2.240528e-01 2.551080e+09 1.021784e+00
2.261280e-01 2.543917e+09 1.021786e+00
2.282224e-01 2.536751e+09 1.021788e+00
2.303363e-01 2.529584e+09 1.021790e+00
2.324697e-01 2.522415e+09 1.021793e+00
2.346229e-01 2.515245e+09 1.021796e+00
2.367960e-01 2.508075e+09 1.021798e+00
2.389893e-01 2.500904e+09 1.021801e+00
2.412028e-01 2.493733e+09 1.021803e+00
2.434369e-01 2.486564e+09 1.021805e+00
2.456916e-01 2.479396e+09 1.021808e+00
2.479673e-01 2.472228e+09 1.021811e+00
2.502640e-01 2.465063e+09 1.021814e+00
2.525820e-01 2.457901e+09 1.021817e+00
2.549215e-01 2.450741e+09 1.021820e+00
2.572826e-01 2.443584e+09 1.021823e+00
2.596656e-01 2.436431e+09 1.021826e+00
2.620707e-01 2.429282e+09 1.021830e+00
2.644980e-01 2.422138e+09 1.021833e+00
2.669478e-01 2.414999e+09 1.021837e+00
2.694204e-01 2.407866e+09 1.021840e+00
2.719158e-01 2.400738e+09 1.021843e+00
2.744343e-01 2.393616e+09 1.021846e+00
2.769762e-01 2.386501e+09 1.021850e+00
2.795416e-01 2.379392e+09 1.021854e+00
2.821308e-01 2.372292e+09 1.021858e+00
2.847439e-01 2.365199e+09 1.021861e+00
2.873813e-01 2.358114e+09 1.021865e+00
2.900430e-01 2.351039e+09 1.021868e+00
2.927295e-01 2.343972e+09 1.021872e+00
2.954408e-01 2.336915e+09 1.021875e+00
2.981772e-01 2.329868e+09 1.021879e+00
3.009390e-01 2.322832e+09 1.021882e+00
3.037264e-01 2.315806e+09 1.021886e+00
3.065395e-01 2.308792e+09 1.021889e+00
3.093788e-01 2.301788e+09 1.021894e+00
3.122443e-01 2.294798e+09 1.021897e+00
3.151363e-01 2.287820e+09 1.021901e+00
3.180552e-01 2.280854e+09 1.021904e+00
3.210011e-01 2.273901e+09 1.021908e+00
3.239743e-01 2.266962e+09 1.021911e+00
3.269750e-01 2.260038e+09 1.021914e+00
3.300035e-01 2.253128e+09 1.021917e+00
3.330600e-01 2.246232e+09 1.021921e+00
3.361449e-01 2.239351e+09 1.021924e+00
3.392583e-01 2.232485e+09 1.021927e+00
3.424006e-01 2.225636e+09 1.021930e+00
3.455720e-01 2.218803e+09 1.021934e+00
3.487727e-01 2.211987e+09 1.021937e+00
3.520031e-01 2.205188e+09 1.021940e+00
3.552635e-01 2.198406e+09 1.021943e+00
3.585540e-01 2.191641e+09 1.021945e+00
3.618750e-01 2.184895e+09 1.021948e+00
3.652267e-01 2.178167e+09 1.021951e+00
3.686095e-01 2.171459e+09 1.021954e+00
3.720237e-01 2.164768e+09 1.021957e+00
3.754694e-01 2.158098e+09 1.021959e+00
3.789471e-01 2.151447e+09 1.021961e+00
3.824570e-01 2.144816e+09 1.021963e+00
3.859994e-01 2.138207e+09 1.021965e+00
3.895746e-01 2.131617e+09 1.021968e+00
3.931829e-01 2.125049e+09 1.021970e+00
3.968246e-01 2.118502e+09 1.021972e+00
4.005001e-01 2.111977e+09 1.021973e+00
4.042096e-01 2.105474e+09 1.021975e+00
4.079535e-01 2.098993e+09 1.021976e+00
4.117320e-01 2.092536e+09 1.021978e+00
4.155455e-01 2.086100e+09 1.021979e+00
4.193944e-01 2.079689e+09 1.021980e+00
4.232789e-01 2.073301e+09 1.021981e+00
4.271994e-01 2.066937e+09 1.021982e+00
4.311562e-01 2.060596e+09 1.021983e+00
4.351497e-01 2.054280e+09 1.021984e+00
4.391801e-01 2.047989e+09 1.021985e+00
4.432479e-01 2.041723e+09 1.021985e+00
4.473533e-01 2.035482e+09 1.021986e+00
4.514968e-01 2.029266e+09 1.021986e+00
4.556786e-01 2.023076e+09 1.021987e+00
4.598992e-01 2.016912e+09 1.021987e+00
4.641589e-01 2.010774e+09 1.021987e+00
4.684580e-01 2.004662e+09 1.021987e+00
4.727970e-01 1.998577e+09 1.021987e+00
4.771761e-01 1.992519e+09 1.021987e+00
4.815958e-01 1.986488e+09 1.021986e+00
4.860564e-01 1.980484e+09 1.021986e+00
4.905584e-01 1.974507e+09 1.021985e+00
4.951020e-01 1.968559e+09 1.021985e+00
4.996877e-01 1.962639e+09 1.021984e+00
5.043159e-01 1.956746e+09 1.021983e+00
5.089870e-01 1.950881e+09 1.021982e+00
5.137014e-01 1.945045e+09 1.021982e+00
5.184594e-01 1.939238e+09 1.021980e+00
5.232614e-01 1.933459e+09 1.021979e+00
5.281080e-01 1.927709e+09 1.021978e+00
5.329994e-01 1.921988e+09 1.021977e+00
5.379362e-01 1.916297e+09 1.021975e+00
5.429186e-01 1.910635e+09 1.021973e+00
5.479472e-01 1.905003e+09 1.021971e+00
5.530224e-01 1.899399e+09 1.021969e+00
5.581446e-01 1.893826e+09 1.021968e+00
5.633143e-01 1.888282e+09 1.021966e+00
5.685318e-01 1.882769e+09 1.021964e+00
5.737976e-01 1.877286e+09 1.021962e+00
5.791123e-01 1.871833e+09 1.021960e+00
5.844761e-01 1.866410e+09 1.021958e+00
5.898896e-01 1.861017e+09 1.021956e+00
5.953533e-01 1.855655e+09 1.021953e+00
6.008676e-01 1.850324e+09 1.021951e+00
6.064329e-01 1.845022e+09 1.021949e+00
6.120498e-01 1.839752e+09 1.021947e+00
6.177188e-01 1.834512e+09 1.021944e+00
6.234402e-01 1.829302e+09 1.021942e+00
6.292146e-01 1.824124e+09 1.021939e+00
6.350425e-01 1.818976e+09 1.021937e+00
6.409244e-01 1.813859e+09 1.021934e+00
6.468608e-01 1.808773e+09 1.021932e+00
6.528521e-01 1.803718e+09 1.021929e+00
6.588990e-01 1.798693e+09 1.021926e+00
6.650018e-01 1.793699e+09 1.021923e+00
6.711612e-01 1.788736e+09 1.021921e+00
6.773776e-01 1.783804e+09 1.021918e+00
6.836516e-01 1.778902e+09 1.021915e+00
6.899837e-01 1.774031e+09 1.021912e+00
6.963745e-01 1.769191e+09 1.021910e+00
7.028244e-01 1.764381e+09 1.021907e+00
7.093341e-01 1.759602e+09 1.021904e+00
7.159041e-01 1.754853e+09 1.021901e+00
7.225349e-01 1.750135e+09 1.021899e+00
7.292272e-01 1.745447e+09 1.021896e+00
7.359814e-01 1.740789e+09 1.021893e+00
7.427982e-01 1.736161e+09 1.021890e+00
7.496782e-01 1.731564e+09 1.021888e+00
7.566219e-01 1.726997e+09 1.021885e+00
7.636298e-01 1.722458e+09 1.021882e+00
7.707027e-01 1.717950e+09 1.021879e+00
7.778411e-01 1.713472e+09 1.021877e+00
7.850456e-01 1.709022e+09 1.021874e+00
7.923169e-01 1.704602e+09 1.021872e+00
7.996555e-01 1.700211e+09 1.021869e+00
8.070620e-01 1.695850e+09 1.021867e+00
8.145372e-01 1.691517e+09 1.021864e+00
8.220816e-01 1.687212e+09 1.021862e+00
8.296959e-01 1.682936e+09 1.021859e+00
8.373807e-01 1.678688e+09 1.021857e+00
8.451366e-01 1.674469e+09 1.021854e+00
8.529644e-01 1.670277e+09 1.021852e+00
8.608648e-01 1.666113e+09 1.021849e+00
8.688383e-01 1.661975e+09 1.021847e+00
8.768856e-01 1.657866e+09 1.021844e+00
8.850075e-01 1.653783e+09 1.021843e+00
8.932046e-01 1.649728e+09 1.021840e+00
9.014776e-01 1.645698e+09 1.021838e+00
9.098273e-01 1.641695e+09 1.021835e+00
9.182543e-01 1.637717e+09 1.021833e+00
9.267593e-01 1.633766e+09 1.021832e+00
9.353432e-01 1.629840e+09 1.021830e+00
9.440065e-01 1.625939e+09 1.021827e+00
9.527500e-01 1.622063e+09 1.021825e+00
9.615746e-01 1.618211e+09 1.021824e+00
9.704809e-01 1.614384e+09 1.021822e+00
9.794697e-01 1.610581e+09 1.021821e+00
9.885417e-01 1.606802e+09 1.021818e+00
9.976978e-01 1.603046e+09 1.021817e+00
1.006939e+00 1.599313e+09 1.021815e+00
1.016265e+00 1.595603e+09 1.021814e+00
1.025678e+00 1.591915e+09 1.021812e+00
1.035178e+00 1.588249e+09 1.021810e+00
1.044766e+00 1.584605e+09 1.021808e+00
1.054443e+00 1.580982e+09 1.021807e+00
1.064209e+00 1.577381e+09 1.021806e+00
1.074066e+00 1.573800e+09 1.021805e+00
1.084014e+00 1.570239e+09 1.021803e+00
1.094055e+00 1.566698e+09 1.021802e+00
1.104188e+00 1.563178e+09 1.021800e+00
1.114415e+00 1.559676e+09 1.021799e+00
1.124737e+00 1.556192e+09 1.021798e+00
1.135155e+00 1.552727e+09 1.021797e+00
1.145669e+00 1.549281e+09 1.021796e+00
1.156280e+00 1.545851e+09 1.021795e+00
1.166990e+00 1.542439e+09 1.021794e+00
1.177799e+00 1.539044e+09 1.021793e+00
1.188708e+00 1.535666e+09 1.021792e+00
1.199718e+00 1.532303e+09 1.021791e+00
1.210830e+00 1.528956e+09 1.021790e+00
1.222045e+00 1.525624e+09 1.021789e+00
1.233363e+00 1.522307e+09 1.021788e+00
1.244787e+00 1.519004e+09 1.021787e+00
1.256317e+00 1.515715e+09 1.021786e+00
1.267953e+00 1.512440e+09 1.021785e+00
1.279697e+00 1.509178e+09 1.021784e+00
1.291550e+00 1.505928e+09 1.021784e+00
1.303512e+00 1.502691e+09 1.021783e+00
1.315586e+00 1.499465e+09 1.021782e+00
1.327771e+00 1.496251e+09 1.021781e+00
1.340069e+00 1.493047e+09 1.021780e+00
1.352481e+00 1.489854e+09 1.021779e+00
1.365008e+00 1.486671e+09 1.021779e+00
1.377651e+00 1.483498e+09 1.021778e+00
1.390411e+00 1.480334e+09 1.021777e+00
1.403289e+00 1.477179e+09 1.021776e+00
1.416287e+00 1.474031e+09 1.021776e+00
1.429405e+00 1.470892e+09 1.021775e+00
1.442644e+00 1.467760e+09 1.021774e+00
1.456006e+00 1.464634e+09 1.021773e+00
1.469492e+00 1.461516e+09 1.021773e+00
1.483103e+00 1.458403e+09 1.021772e+00
1.496839e+00 1.455296e+09 1.021771e+00
1.510703e+00 1.452194e+09 1.021770e+00
1.524696e+00 1.449097e+09 1.021769e+00
1.538818e+00 1.446005e+09 1.021768e+00
1.553071e+00 1.442916e+09 1.021767e+00
1.567455e+00 1.439831e+09 1.021766e+00
1.581973e+00 1.436749e+09 1.021765e+00
1.596626e+00 1.433669e+09 1.021764e+00
1.611414e+00 1.430593e+09 1.021763e+00
1.626340e+00 1.427517e+09 1.021762e+00
1.641403e+00 1.424444e+09 1.021761e+00
1.656606e+00 1.421371e+09 1.021760e+00
1.671950e+00 1.418299e+09 1.021759e+00
1.687436e+00 1.415227e+09 1.021758e+00
1.703065e+00 1.412155e+09 1.021757e+00
1.718839e+00 1.409083e+09 1.021755e+00
1.734759e+00 1.406010e+09 1.021754e+00
1.750827e+00 1.402935e+09 1.021752e+00
1.767044e+00 1.399858e+09 1.021751e+00
1.783410e+00 1.396781e+09 1.021750e+00
1.799929e+00 1.393701e+09 1.021749e+00
1.816600e+00 1.390618e+09 1.021747e+00
1.833425e+00 1.387532e+09 1.021745e+00
1.850407e+00 1.384443e+09 1.021743e+00
1.867546e+00 1.381351e+09 1.021742e+00
1.884843e+00 1.378254e+09 1.021740e+00
1.902301e+00 1.375153e+09 1.021739e+00
1.919921e+00 1.372048e+09 1.021737e+00
1.937703e+00 1.368938e+09 1.021735e+00
1.955651e+00 1.365823e+09 1.021733e+00
1.973764e+00 1.362703e+09 1.021732e+00
1.992046e+00 1.359578e+09 1.021730e+00
2.010496e+00 1.356447e+09 1.021728e+00
2.029118e+00 1.353309e+09 1.021726e+00
2.047912e+00 1.350166e+09 1.021724e+00
2.066880e+00 1.347016e+09 1.021722e+00
2.086024e+00 1.343860e+09 1.021720e+00
2.105345e+00 1.340697e+09 1.021718e+00
2.124845e+00 1.337527e+09 1.021716e+00
2.144526e+00 1.334350e+09 1.021714e+00
2.164389e+00 1.331166e+09 1.021712e+00
2.184436e+00 1.327974e+09 1.021709e+00
2.204669e+00 1.324775e+09 1.021707e+00
2.225089e+00 1.321568e+09 1.021705e+00
2.245698e+00 1.318355e+09 1.021703e+00
2.266498e+00 1.315134e+09 1.021700e+00
2.287491e+00 1.311903e+09 1.021698e+00
2.308678e+00 1.308665e+09 1.021696e+00
2.330061e+00 1.305423e+09 1.021694e+00
2.351643e+00 1.302175e+09 1.021691e+00
2.373424e+00 1.298906e+09 1.021689e+00
2.395407e+00 1.295621e+09 1.021687e+00
2.417594e+00 1.292375e+09 1.021685e+00
2.439986e+00 1.289156e+09 1.021683e+00
2.462586e+00 1.285753e+09 1.021681e+00
2.485395e+00 1.282348e+09 1.021678e+00
2.508415e+00 1.280203e+09 1.021676e+00
2.531648e+00 1.279986e+09 1.021676e+00
2.555097e+00 1.280440e+09 1.021676e+00
2.578763e+00 1.280499e+09 1.021676e+00
2.602648e+00 1.280377e+09 1.021676e+00
2.626754e+00 1.280361e+09 1.021676e+00
2.651084e+00 1.280393e+09 1.021676e+00
2.675638e+00 1.280398e+09 1.021676e+00
2.700421e+00 1.280389e+09 1.021676e+00
2.725433e+00 1.280388e+09 1.021676e+00
2.750676e+00 1.280390e+09 1.021676e+00
2.776153e+00 1.280391e+09 1.021676e+00
2.801867e+00 1.280390e+09 1.021676e+00
2.827818e+00 1.280390e+09 1.021676e+00
2.854010e+00 1.280390e+09 1.021676e+00
2.880444e+00 1.280390e+09 1.021676e+00
2.907123e+00 1.280390e+09 1.021676e+00
2.934050e+00 1.280390e+09 1.021676e+00
2.961225e+00 1.280390e+09 1.021676e+00
2.988653e+00 1.280390e+09 1.021676e+00
3.016334e+00 1.280390e+09 1.021676e+00
3.044272e+00 1.280390e+09 1.021676e+00
3.072469e+00 1.280390e+09 1.021676e+00
3.100927e+00 1.280390e+09 1.021676e+00
3.129648e+00 1.280390e+09 1.021676e+00
3.158635e+00 1.280390e+09 1.021676e+00
3.187891e+00 1.280390e+09 1.021676e+00
3.217418e+00 1.280390e+09 1.021676e+00
3.247218e+00 1.280390e+09 1.021676e+00
3.277295e+00 1.280390e+09 1.021676e+00
3.307650e+00 1.280390e+09 1.021676e+00
3.338286e+00 1.280390e+09 1.021676e+00
3.369206e+00 1.280390e+09 1.021676e+00
3.400412e+00 1.280390e+09 1.021676e+00
3.431907e+00 1.280390e+09 1.021676e+00
3.463694e+00 1.280390e+09 1.021676e+00
3.495776e+00 1.280390e+09 1.021676e+00
3.528154e+00 1.280390e+09 1.021676e+00
3.560833e+00 1.280390e+09 1.021676e+00
3.593814e+00 1.280390e+09 1.021676e+00
3.627100e+00 1.280390e+09 1.021676e+00
3.660695e+00 1.280390e+09 1.021676e+00
3.694601e+00 1.280390e+09 1.021676e+00
3.728821e+00 1.280390e+09 1.021676e+00
3.763358e+00 1.280390e+09 1.021676e+00
3.798215e+00 1.280390e+09 1.021676e+00
3.833395e+00 1.280390e+09 1.021676e+00
3.868901e+00 1.280390e+09 1.021676e+00
3.904735e+00 1.280390e+09 1.021676e+00
3.940902e+00 1.280390e+09 1.021676e+00
3.977403e+00 1.280390e+09 1.021676e+00
4.014242e+00 1.280390e+09 1.021676e+00
4.051423e+00 1.280390e+09 1.021676e+00
4.088948e+00 1.280390e+09 1.021676e+00
4.126821e+00 1.280390e+09 1.021676e+00
4.165044e+00 1.280390e+09 1.021676e+00
4.203622e+00 1.280390e+09 1.021676e+00
4.242556e+00 1.280390e+09 1.021676e+00
4.281852e+00 1.280390e+09 1.021676e+00
4.321511e+00 1.280390e+09 1.021676e+00
4.361538e+00 1.280390e+09 1.021676e+00
4.401935e+00 1.280390e+09 1.021676e+00
4.442707e+00 1.280390e+09 1.021676e+00
4.483856e+00 1.280390e+09 1.021676e+00
4.525386e+00 1.280390e+09 1.021676e+00
4.567301e+00 1.280390e+09 1.021676e+00
4.609604e+00 1.280390e+09 1.021676e+00
4.652300e+00 1.280390e+09 1.021676e+00
4.695390e+00 1.280390e+09 1.021676e+00
4.738880e+00 1.280390e+09 1.021676e+00
4.782772e+00 1.280390e+09 1.021676e+00
4.827071e+00 1.280390e+09 1.021676e+00
4.871780e+00 1.280390e+09 1.021676e+00
4.916904e+00 1.280390e+09 1.021676e+00
4.962445e+00 1.280390e+09 1.021676e+00
5.008408e+00 1.280390e+09 1.021676e+00
5.054797e+00 1.280390e+09 1.021676e+00
5.101615e+00 1.280390e+09 1.021676e+00
5.148867e+00 1.280390e+09 1.021676e+00
5.196557e+00 1.280390e+09 1.021676e+00
5.244689e+00 1.280390e+09 1.021676e+00
5.293266e+00 1.280390e+09 1.021676e+00
5.342293e+00 1.280390e+09 1.021676e+00
5.391775e+00 1.280390e+09 1.021676e+00
5.441714e+00 1.280390e+09 1.021676e+00
5.492116e+00 1.280390e+09 1.021676e+00
5.542986e+00 1.280390e+09 1.021676e+00
5.594326e+00 1.280390e+09 1.021676e+00
5.646141e+00 1.280390e+09 1.021676e+00
5.698437e+00 1.280390e+09 1.021676e+00
5.751217e+00 1.280390e+09 1.021676e+00
5.804486e+00 1.280390e+09 1.021676e+00
5.858248e+00 1.280390e+09 1.021676e+00
5.912508e+00 1.280390e+09 1.021676e+00
5.967271e+00 1.280390e+09 1.021676e+00
6.022541e+00 1.280390e+09 1.021676e+00
6.078323e+00 1.280390e+09 1.021676e+00
6.134622e+00 1.280390e+09 1.021676e+00
6.191442e+00 1.280390e+09 1.021676e+00
6.248788e+00 1.280390e+09 1.021676e+00
6.306666e+00 1.280390e+09 1.021676e+00
6.365079e+00 1.280390e+09 1.021676e+00
6.424034e+00 1.280390e+09 1.021676e+00
6.483534e+00 1.280390e+09 1.021676e+00
6.543586e+00 1.280390e+09 1.021676e+00
6.604194e+00 1.280390e+09 1.021676e+00
6.665363e+00 1.280390e+09 1.021676e+00
6.727099e+00 1.280390e+09 1.021676e+00
6.789407e+00 1.280390e+09 1.021676e+00
6.852292e+00 1.280390e+09 1.021676e+00
6.915759e+00 1.280390e+09 1.021676e+00
6.979814e+00 1.280390e+09 1.021676e+00
7.044462e+00 1.280390e+09 1.021676e+00
7.109709e+00 1.280390e+09 1.021676e+00
7.175561e+00 1.280390e+09 1.021676e+00
7.242022e+00 1.280390e+09 1.021676e+00
7.309099e+00 1.280390e+09 1.021676e+00
7.376798e+00 1.280390e+09 1.021676e+00
7.445123e+00 1.280390e+09 1.021676e+00
7.514081e+00 1.280390e+09 1.021676e+00
7.583678e+00 1.280390e+09 1.021676e+00
7.653919e+00 1.280390e+09 1.021676e+00
7.724811e+00 1.280390e+09 1.021676e+00
7.796360e+00 1.280390e+09 1.021676e+00
7.868572e+00 1.280390e+09 1.021676e+00
7.941452e+00 1.280390e+09 1.021676e+00
8.015007e+00 1.280390e+09 1.021676e+00
8.089243e+00 1.280390e+09 1.021676e+00
8.164168e+00 1.280390e+09 1.021676e+00
8.239786e+00 1.280390e+09 1.021676e+00
8.316104e+00 1.280390e+09 1.021676e+00
8.393129e+00 1.280390e+09 1.021676e+00
8.470868e+00 1.280390e+09 1.021676e+00
8.549327e+00 1.280390e+09 1.021676e+00
8.628513e+00 1.280390e+09 1.021676e+00
8.708431e+00 1.280390e+09 1.021676e+00
8.789091e+00 1.280390e+09 1.021676e+00
8.870497e+00 1.280390e+09 1.021676e+00
8.952657e+00 1.280390e+09 1.021676e+00
9.035578e+00 1.280390e+09 1.021676e+00
9.119268e+00 1.280390e+09 1.021676e+00
9.203732e+00 1.280390e+09 1.021676e+00
9.288979e+00 1.280390e+09 1.021676e+00
9.375015e+00 1.280390e+09 1.021676e+00
9.461848e+00 1.280390e+09 1.021676e+00
9.549486e+00 1.280390e+09 1.021676e+00
9.637935e+00 1.280390e+09 1.021676e+00
9.727203e+00 1.280390e+09 1.021676e+00
9.817298e+00 1.280390e+09 1.021676e+00
9.908228e+00 1.280390e+09 1.021676e+00
1.000000e+01 1.280390e+09 1.021676e+00
