# d + d > He3 + n   [d_d__He3_n]   ref=Parthenope3.0 (Pisanti et al 2020 (PIS2020, default))
# Forward rate N_A<sigma v> [cm^3 mol^-1 s^-1] extracted from
# parthenope3.0.f (default PIS2020 nuclear-rate selection).
# error column = sqrt((1+drate_up)/(1+drate_lo)), the full Parthenope
# 1-sigma multiplicative envelope (statistical fp/fm + systematic floor).
# NOTE: lowest 47 T9 points (below the fit validity floor, where
#   the published polynomial extrapolates non-physically) are filled by
#   log-log extrapolation; this region is dynamically frozen for BBN.
# T9                 rate                error
1.000000e-03 5.581295e-44 1.010180e+00
1.009262e-03 1.085479e-43 1.010180e+00
1.018610e-03 2.111124e-43 1.010180e+00
1.028045e-03 4.105881e-43 1.010180e+00
1.037567e-03 7.985347e-43 1.010180e+00
1.047177e-03 1.553009e-42 1.010180e+00
1.056876e-03 3.020361e-42 1.010180e+00
1.066665e-03 5.874324e-42 1.010180e+00
1.076545e-03 1.142501e-41 1.010180e+00
1.086516e-03 2.221983e-41 1.010180e+00
1.096579e-03 4.321348e-41 1.010180e+00
1.106736e-03 8.404367e-41 1.010180e+00
1.116987e-03 1.634556e-40 1.010180e+00
1.127333e-03 3.179076e-40 1.010180e+00
1.137774e-03 6.182965e-40 1.010180e+00
1.148312e-03 1.202483e-39 1.010180e+00
1.158948e-03 2.338610e-39 1.010180e+00
1.169683e-03 4.548269e-39 1.010180e+00
1.180517e-03 8.845918e-39 1.010180e+00
1.191451e-03 1.720451e-38 1.010180e+00
1.202486e-03 3.346068e-38 1.010180e+00
1.213624e-03 6.507498e-38 1.010180e+00
1.224865e-03 1.265594e-37 1.010180e+00
1.236210e-03 2.461445e-37 1.010180e+00
1.247660e-03 4.787288e-37 1.010180e+00
1.259216e-03 9.310633e-37 1.010180e+00
1.270879e-03 1.810772e-36 1.010180e+00
1.282650e-03 3.521686e-36 1.010180e+00
1.294530e-03 6.849195e-36 1.010180e+00
1.306520e-03 1.332075e-35 1.010180e+00
1.318621e-03 2.590713e-35 1.010180e+00
1.330835e-03 5.038634e-35 1.010180e+00
1.343161e-03 9.799584e-35 1.010180e+00
1.355602e-03 1.905904e-34 1.010180e+00
1.368158e-03 3.706720e-34 1.010180e+00
1.380830e-03 7.208952e-34 1.010180e+00
1.393619e-03 1.402024e-33 1.010180e+00
1.406527e-03 2.726760e-33 1.010180e+00
1.419555e-03 5.303250e-33 1.010180e+00
1.432703e-03 1.031418e-32 1.010180e+00
1.445973e-03 2.005971e-32 1.010180e+00
1.459366e-03 3.901338e-32 1.010180e+00
1.472883e-03 7.587576e-32 1.010180e+00
1.486525e-03 1.475685e-31 1.010180e+00
1.500293e-03 2.869998e-31 1.010180e+00
1.514189e-03 5.581663e-31 1.010180e+00
1.528214e-03 1.085541e-30 1.010180e+00
1.542369e-03 2.111235e-30 1.010180e+00
1.556654e-03 4.106097e-30 1.010180e+00
1.571072e-03 7.985780e-30 1.010180e+00
1.585624e-03 1.553116e-29 1.010180e+00
1.600310e-03 3.020599e-29 1.010180e+00
1.615133e-03 5.874717e-29 1.010180e+00
1.630092e-03 1.142575e-28 1.010180e+00
1.645191e-03 2.222187e-28 1.010180e+00
1.660429e-03 4.321836e-28 1.010180e+00
1.675808e-03 8.405263e-28 1.010180e+00
1.691330e-03 1.634691e-27 1.010180e+00
1.706995e-03 3.179256e-27 1.010180e+00
1.722805e-03 6.183319e-27 1.010180e+00
1.738762e-03 1.202586e-26 1.010180e+00
1.754867e-03 2.338846e-26 1.010180e+00
1.771121e-03 4.548667e-26 1.010180e+00
1.787526e-03 8.846516e-26 1.010180e+00
1.804082e-03 1.720539e-25 1.010180e+00
1.820792e-03 3.346238e-25 1.010180e+00
1.837656e-03 6.507974e-25 1.010180e+00
1.854677e-03 1.265699e-24 1.010180e+00
1.871855e-03 2.461599e-24 1.010180e+00
1.889193e-03 4.787532e-24 1.010180e+00
1.906691e-03 9.311242e-24 1.010180e+00
1.924351e-03 1.810910e-23 1.010180e+00
1.942175e-03 3.521944e-23 1.010180e+00
1.960163e-03 6.849665e-23 1.010180e+00
1.978319e-03 1.332166e-22 1.010180e+00
1.996642e-03 2.590894e-22 1.010180e+00
2.015136e-03 5.038972e-22 1.010180e+00
2.033800e-03 9.800185e-22 1.010180e+00
2.052638e-03 1.906013e-21 1.010180e+00
2.071650e-03 3.706947e-21 1.010180e+00
2.090838e-03 7.209529e-21 1.010180e+00
2.110203e-03 1.402162e-20 1.010180e+00
2.129749e-03 2.727007e-20 1.010180e+00
2.149475e-03 5.303568e-20 1.010180e+00
2.169384e-03 1.031460e-19 1.010180e+00
2.189477e-03 2.006074e-19 1.010180e+00
2.209756e-03 3.901601e-19 1.010180e+00
2.230223e-03 7.588012e-19 1.010180e+00
2.250880e-03 1.475745e-18 1.010180e+00
2.271728e-03 2.870148e-18 1.010180e+00
2.292769e-03 5.582133e-18 1.010180e+00
2.314005e-03 1.085647e-17 1.010180e+00
2.335438e-03 2.111413e-17 1.010180e+00
2.357069e-03 4.106393e-17 1.010180e+00
2.378901e-03 7.986380e-17 1.010180e+00
2.400935e-03 1.553243e-16 1.010180e+00
2.423173e-03 3.020851e-16 1.010180e+00
2.445617e-03 5.875176e-16 1.010180e+00
2.468268e-03 1.142648e-15 1.010180e+00
2.491130e-03 2.222296e-15 1.010180e+00
2.514203e-03 4.322067e-15 1.010180e+00
2.537490e-03 8.405885e-15 1.010180e+00
2.560993e-03 1.634839e-14 1.010180e+00
2.584714e-03 3.179530e-14 1.010180e+00
2.608654e-03 6.183730e-14 1.010180e+00
2.632815e-03 1.202657e-13 1.010180e+00
2.657201e-03 2.339016e-13 1.010180e+00
2.681813e-03 4.549042e-13 1.010180e+00
2.706652e-03 8.847205e-13 1.010180e+00
2.731722e-03 1.720670e-12 1.010180e+00
2.757023e-03 3.346500e-12 1.010180e+00
2.782559e-03 6.508501e-12 1.010180e+00
2.808332e-03 1.265809e-11 1.010180e+00
2.834343e-03 2.461810e-11 1.010180e+00
2.860596e-03 4.787865e-11 1.010180e+00
2.887091e-03 9.311762e-11 1.010180e+00
2.913832e-03 1.811018e-10 1.010180e+00
2.940820e-03 3.522186e-10 1.010180e+00
2.968059e-03 6.850168e-10 1.010180e+00
2.995549e-03 1.332267e-09 1.010180e+00
3.023295e-03 2.591090e-09 1.010180e+00
3.051297e-03 5.039351e-09 1.010180e+00
3.079559e-03 9.800900e-09 1.010180e+00
3.108082e-03 1.906142e-08 1.010180e+00
3.136870e-03 3.707174e-08 1.010180e+00
3.165924e-03 7.209914e-08 1.010180e+00
3.195248e-03 1.402228e-07 1.010180e+00
3.224842e-03 2.727160e-07 1.010180e+00
3.254712e-03 5.303995e-07 1.010180e+00
3.284857e-03 1.031556e-06 1.010180e+00
3.315282e-03 2.006227e-06 1.010180e+00
3.345989e-03 3.901820e-06 1.010180e+00
3.376980e-03 7.588486e-06 1.010180e+00
3.408259e-03 1.475856e-05 1.010180e+00
3.439826e-03 2.870368e-05 1.010180e+00
3.471687e-03 5.582599e-05 1.010180e+00
3.503842e-03 1.085725e-04 1.010180e+00
3.536296e-03 2.111422e-04 1.010180e+00
3.569049e-03 4.106607e-04 1.010180e+00
3.602107e-03 7.989175e-04 1.010180e+00
3.635470e-03 1.553542e-03 1.010180e+00
3.669142e-03 3.018037e-03 1.010181e+00
3.703127e-03 5.872976e-03 1.010180e+00
3.737426e-03 1.146998e-02 1.010178e+00
3.772042e-03 2.226134e-02 1.010179e+00
3.806980e-03 4.262559e-02 1.010188e+00
3.842241e-03 8.353715e-02 1.010184e+00
3.877828e-03 1.721974e-01 1.010142e+00
3.913746e-03 3.256044e-01 1.010092e+00
3.949995e-03 4.800916e-01 1.010070e+00
3.986581e-03 5.938724e-01 1.010071e+00
4.023506e-03 7.124840e-01 1.010070e+00
4.060772e-03 8.481967e-01 1.010067e+00
4.098384e-03 9.812766e-01 1.010064e+00
4.136344e-03 1.107433e+00 1.010062e+00
4.174655e-03 1.234072e+00 1.010062e+00
4.213322e-03 1.362180e+00 1.010061e+00
4.252346e-03 1.489144e+00 1.010060e+00
4.291732e-03 1.614421e+00 1.010059e+00
4.331483e-03 1.738760e+00 1.010058e+00
4.371602e-03 1.862110e+00 1.010058e+00
4.412093e-03 1.984117e+00 1.010058e+00
4.452959e-03 2.104607e+00 1.010058e+00
4.494203e-03 2.223567e+00 1.010058e+00
4.535829e-03 2.340877e+00 1.010057e+00
4.577841e-03 2.456420e+00 1.010057e+00
4.620241e-03 2.570076e+00 1.010057e+00
4.663035e-03 2.681765e+00 1.010057e+00
4.706225e-03 2.791383e+00 1.010056e+00
4.749815e-03 2.898848e+00 1.010056e+00
4.793808e-03 3.004070e+00 1.010056e+00
4.838210e-03 3.106976e+00 1.010056e+00
4.883022e-03 3.207489e+00 1.010056e+00
4.928250e-03 3.305547e+00 1.010056e+00
4.973896e-03 3.401088e+00 1.010056e+00
5.019965e-03 3.494066e+00 1.010056e+00
5.066461e-03 3.584433e+00 1.010055e+00
5.113388e-03 3.672154e+00 1.010055e+00
5.160749e-03 3.757201e+00 1.010055e+00
5.208549e-03 3.839557e+00 1.010055e+00
5.256791e-03 3.919213e+00 1.010055e+00
5.305481e-03 3.996170e+00 1.010055e+00
5.354621e-03 4.070438e+00 1.010055e+00
5.404216e-03 4.142038e+00 1.010055e+00
5.454271e-03 4.211002e+00 1.010055e+00
5.504790e-03 4.277375e+00 1.010055e+00
5.555776e-03 4.341212e+00 1.010055e+00
5.607235e-03 4.402584e+00 1.010055e+00
5.659170e-03 4.461571e+00 1.010055e+00
5.711586e-03 4.518268e+00 1.010055e+00
5.764488e-03 4.572786e+00 1.010055e+00
5.817880e-03 4.625248e+00 1.010055e+00
5.871766e-03 4.675793e+00 1.010055e+00
5.926152e-03 4.724577e+00 1.010055e+00
5.981041e-03 4.771773e+00 1.010055e+00
6.036439e-03 4.817569e+00 1.010055e+00
6.092349e-03 4.862172e+00 1.010055e+00
6.148778e-03 4.905806e+00 1.010055e+00
6.205729e-03 4.948718e+00 1.010055e+00
6.263207e-03 4.991169e+00 1.010055e+00
6.321218e-03 5.033447e+00 1.010055e+00
6.379767e-03 5.075856e+00 1.010055e+00
6.438857e-03 5.118726e+00 1.010055e+00
6.498495e-03 5.162407e+00 1.010055e+00
6.558686e-03 5.207274e+00 1.010055e+00
6.619433e-03 5.253728e+00 1.010055e+00
6.680744e-03 5.302194e+00 1.010055e+00
6.742622e-03 5.353124e+00 1.010055e+00
6.805074e-03 5.406996e+00 1.010055e+00
6.868104e-03 5.464319e+00 1.010055e+00
6.931717e-03 5.525631e+00 1.010055e+00
6.995920e-03 5.591500e+00 1.010055e+00
7.060718e-03 5.662525e+00 1.010055e+00
7.126115e-03 5.739341e+00 1.010055e+00
7.192119e-03 5.822611e+00 1.010055e+00
7.258734e-03 5.913043e+00 1.010055e+00
7.325965e-03 6.011372e+00 1.010055e+00
7.393820e-03 6.118380e+00 1.010055e+00
7.462303e-03 6.234879e+00 1.010055e+00
7.531420e-03 6.361732e+00 1.010055e+00
7.601178e-03 6.499835e+00 1.010055e+00
7.671581e-03 6.650140e+00 1.010055e+00
7.742637e-03 6.813632e+00 1.010055e+00
7.814351e-03 6.991355e+00 1.010055e+00
7.886729e-03 7.184391e+00 1.010055e+00
7.959777e-03 7.393887e+00 1.010055e+00
8.033502e-03 7.621031e+00 1.010054e+00
8.107910e-03 7.867076e+00 1.010054e+00
8.183007e-03 8.133323e+00 1.010054e+00
8.258799e-03 8.421146e+00 1.010054e+00
8.335294e-03 8.731965e+00 1.010054e+00
8.412497e-03 9.067279e+00 1.010054e+00
8.490415e-03 9.428641e+00 1.010054e+00
8.569055e-03 9.817687e+00 1.010054e+00
8.648423e-03 1.023612e+01 1.010054e+00
8.728527e-03 1.068571e+01 1.010054e+00
8.809372e-03 1.116833e+01 1.010053e+00
8.890966e-03 1.168590e+01 1.010053e+00
8.973316e-03 1.224044e+01 1.010053e+00
9.056428e-03 1.283407e+01 1.010053e+00
9.140311e-03 1.346899e+01 1.010053e+00
9.224970e-03 1.414748e+01 1.010053e+00
9.310413e-03 1.487195e+01 1.010053e+00
9.396648e-03 1.564490e+01 1.010053e+00
9.483682e-03 1.646892e+01 1.010053e+00
9.571522e-03 1.734673e+01 1.010053e+00
9.660175e-03 1.828116e+01 1.010052e+00
9.749649e-03 1.927515e+01 1.010052e+00
9.839952e-03 2.033180e+01 1.010052e+00
9.931092e-03 2.145428e+01 1.010052e+00
1.002308e-02 2.264595e+01 1.010052e+00
1.011591e-02 2.391029e+01 1.010052e+00
1.020961e-02 2.525090e+01 1.010052e+00
1.030417e-02 2.667155e+01 1.010052e+00
1.039961e-02 2.817617e+01 1.010052e+00
1.049593e-02 2.976886e+01 1.010052e+00
1.059315e-02 3.145390e+01 1.010052e+00
1.069126e-02 3.323569e+01 1.010052e+00
1.079029e-02 3.511886e+01 1.010052e+00
1.089023e-02 3.710825e+01 1.010052e+00
1.099110e-02 3.920889e+01 1.010051e+00
1.109290e-02 4.142596e+01 1.010051e+00
1.119564e-02 4.376489e+01 1.010051e+00
1.129934e-02 4.623126e+01 1.010051e+00
1.140400e-02 4.883093e+01 1.010051e+00
1.150962e-02 5.156999e+01 1.010051e+00
1.161623e-02 5.445486e+01 1.010051e+00
1.172382e-02 5.749222e+01 1.010051e+00
1.183241e-02 6.068893e+01 1.010051e+00
1.194200e-02 6.405212e+01 1.010051e+00
1.205261e-02 6.758918e+01 1.010051e+00
1.216424e-02 7.130782e+01 1.010051e+00
1.227691e-02 7.521610e+01 1.010051e+00
1.239062e-02 7.932243e+01 1.010051e+00
1.250539e-02 8.363551e+01 1.010051e+00
1.262121e-02 8.816437e+01 1.010051e+00
1.273811e-02 9.291833e+01 1.010051e+00
1.285610e-02 9.790700e+01 1.010051e+00
1.297517e-02 1.031406e+02 1.010051e+00
1.309535e-02 1.086300e+02 1.010051e+00
1.321664e-02 1.143860e+02 1.010051e+00
1.333906e-02 1.204196e+02 1.010051e+00
1.346261e-02 1.267427e+02 1.010051e+00
1.358730e-02 1.333678e+02 1.010051e+00
1.371315e-02 1.403074e+02 1.010051e+00
1.384016e-02 1.475747e+02 1.010051e+00
1.396835e-02 1.551833e+02 1.010051e+00
1.409773e-02 1.631479e+02 1.010051e+00
1.422830e-02 1.714831e+02 1.010051e+00
1.436009e-02 1.802039e+02 1.010051e+00
1.449310e-02 1.893262e+02 1.010051e+00
1.462733e-02 1.988669e+02 1.010051e+00
1.476281e-02 2.088430e+02 1.010051e+00
1.489955e-02 2.192720e+02 1.010051e+00
1.503755e-02 2.301721e+02 1.010051e+00
1.517683e-02 2.415625e+02 1.010051e+00
1.531740e-02 2.534631e+02 1.010051e+00
1.545928e-02 2.658944e+02 1.010051e+00
1.560246e-02 2.788776e+02 1.010051e+00
1.574698e-02 2.924347e+02 1.010051e+00
1.589283e-02 3.065885e+02 1.010051e+00
1.604003e-02 3.213628e+02 1.010051e+00
1.618860e-02 3.367821e+02 1.010051e+00
1.633854e-02 3.528711e+02 1.010051e+00
1.648987e-02 3.696561e+02 1.010051e+00
1.664260e-02 3.871642e+02 1.010051e+00
1.679675e-02 4.054237e+02 1.010051e+00
1.695232e-02 4.244642e+02 1.010051e+00
1.710934e-02 4.443156e+02 1.010051e+00
1.726781e-02 4.650086e+02 1.010051e+00
1.742775e-02 4.865754e+02 1.010051e+00
1.758917e-02 5.090499e+02 1.010051e+00
1.775208e-02 5.324665e+02 1.010051e+00
1.791650e-02 5.568602e+02 1.010051e+00
1.808245e-02 5.822682e+02 1.010051e+00
1.824993e-02 6.087291e+02 1.010051e+00
1.841897e-02 6.362823e+02 1.010051e+00
1.858957e-02 6.649677e+02 1.010051e+00
1.876175e-02 6.948275e+02 1.010051e+00
1.893552e-02 7.259056e+02 1.010051e+00
1.911091e-02 7.582467e+02 1.010051e+00
1.928792e-02 7.918964e+02 1.010051e+00
1.946656e-02 8.269031e+02 1.010051e+00
1.964687e-02 8.633173e+02 1.010051e+00
1.982884e-02 9.011901e+02 1.010051e+00
2.001250e-02 9.405730e+02 1.010051e+00
2.019786e-02 9.815205e+02 1.010051e+00
2.038493e-02 1.024089e+03 1.010051e+00
2.057374e-02 1.068337e+03 1.010051e+00
2.076430e-02 1.114324e+03 1.010051e+00
2.095662e-02 1.162111e+03 1.010051e+00
2.115073e-02 1.211763e+03 1.010051e+00
2.134663e-02 1.263344e+03 1.010051e+00
2.154435e-02 1.316922e+03 1.010051e+00
2.174389e-02 1.372565e+03 1.010051e+00
2.194529e-02 1.430348e+03 1.010051e+00
2.214855e-02 1.490344e+03 1.010051e+00
2.235370e-02 1.552629e+03 1.010051e+00
2.256074e-02 1.617280e+03 1.010051e+00
2.276970e-02 1.684382e+03 1.010051e+00
2.298060e-02 1.754016e+03 1.010051e+00
2.319345e-02 1.826266e+03 1.010051e+00
2.340827e-02 1.901221e+03 1.010051e+00
2.362508e-02 1.978974e+03 1.010051e+00
2.384390e-02 2.059619e+03 1.010051e+00
2.406475e-02 2.143251e+03 1.010051e+00
2.428764e-02 2.229968e+03 1.010051e+00
2.451260e-02 2.319875e+03 1.010051e+00
2.473964e-02 2.413075e+03 1.010051e+00
2.496878e-02 2.509677e+03 1.010051e+00
2.520005e-02 2.609790e+03 1.010051e+00
2.543346e-02 2.713530e+03 1.010051e+00
2.566903e-02 2.821015e+03 1.010051e+00
2.590678e-02 2.932365e+03 1.010051e+00
2.614673e-02 3.047703e+03 1.010051e+00
2.638891e-02 3.167159e+03 1.010051e+00
2.663333e-02 3.290864e+03 1.010051e+00
2.688001e-02 3.418949e+03 1.010051e+00
2.712898e-02 3.551555e+03 1.010051e+00
2.738025e-02 3.688824e+03 1.010051e+00
2.763385e-02 3.830902e+03 1.010051e+00
2.788980e-02 3.977941e+03 1.010051e+00
2.814812e-02 4.130094e+03 1.010051e+00
2.840884e-02 4.287515e+03 1.010051e+00
2.867196e-02 4.450367e+03 1.010051e+00
2.893753e-02 4.618818e+03 1.010051e+00
2.920556e-02 4.793039e+03 1.010051e+00
2.947606e-02 4.973206e+03 1.010051e+00
2.974908e-02 5.159498e+03 1.010051e+00
3.002462e-02 5.352100e+03 1.010051e+00
3.030271e-02 5.551200e+03 1.010051e+00
3.058338e-02 5.756988e+03 1.010051e+00
3.086665e-02 5.969665e+03 1.010051e+00
3.115254e-02 6.189438e+03 1.010051e+00
3.144108e-02 6.416518e+03 1.010051e+00
3.173230e-02 6.651116e+03 1.010051e+00
3.202621e-02 6.893450e+03 1.010051e+00
3.232284e-02 7.143740e+03 1.010051e+00
3.262222e-02 7.402220e+03 1.010051e+00
3.292437e-02 7.669132e+03 1.010051e+00
3.322933e-02 7.944716e+03 1.010051e+00
3.353710e-02 8.229213e+03 1.010051e+00
3.384773e-02 8.522877e+03 1.010051e+00
3.416123e-02 8.825974e+03 1.010051e+00
3.447764e-02 9.138770e+03 1.010051e+00
3.479698e-02 9.461528e+03 1.010051e+00
3.511928e-02 9.794526e+03 1.010051e+00
3.544456e-02 1.013805e+04 1.010051e+00
3.577285e-02 1.049241e+04 1.010051e+00
3.610419e-02 1.085787e+04 1.010051e+00
3.643859e-02 1.123476e+04 1.010051e+00
3.677609e-02 1.162339e+04 1.010051e+00
3.711672e-02 1.202407e+04 1.010051e+00
3.746050e-02 1.243713e+04 1.010051e+00
3.780747e-02 1.286290e+04 1.010051e+00
3.815765e-02 1.330173e+04 1.010051e+00
3.851107e-02 1.375395e+04 1.010051e+00
3.886777e-02 1.421993e+04 1.010051e+00
3.922777e-02 1.470004e+04 1.010051e+00
3.959110e-02 1.519463e+04 1.010051e+00
3.995780e-02 1.570409e+04 1.010051e+00
4.032790e-02 1.622882e+04 1.010051e+00
4.070142e-02 1.676920e+04 1.010051e+00
4.107841e-02 1.732564e+04 1.010051e+00
4.145888e-02 1.789855e+04 1.010050e+00
4.184289e-02 1.848836e+04 1.010050e+00
4.223044e-02 1.909550e+04 1.010050e+00
4.262159e-02 1.972040e+04 1.010050e+00
4.301636e-02 2.036351e+04 1.010050e+00
4.341478e-02 2.102530e+04 1.010050e+00
4.381690e-02 2.170623e+04 1.010050e+00
4.422274e-02 2.240677e+04 1.010050e+00
4.463234e-02 2.312740e+04 1.010050e+00
4.504573e-02 2.386864e+04 1.010050e+00
4.546295e-02 2.463099e+04 1.010050e+00
4.588404e-02 2.541495e+04 1.010050e+00
4.630903e-02 2.622105e+04 1.010050e+00
4.673795e-02 2.704983e+04 1.010050e+00
4.717085e-02 2.790185e+04 1.010050e+00
4.760775e-02 2.877766e+04 1.010050e+00
4.804870e-02 2.967783e+04 1.010050e+00
4.849374e-02 3.060293e+04 1.010050e+00
4.894290e-02 3.155356e+04 1.010050e+00
4.939622e-02 3.253030e+04 1.010050e+00
4.985373e-02 3.353379e+04 1.010050e+00
5.031549e-02 3.456463e+04 1.010050e+00
5.078152e-02 3.562348e+04 1.010050e+00
5.125187e-02 3.671098e+04 1.010050e+00
5.172657e-02 3.782778e+04 1.010050e+00
5.220568e-02 3.897455e+04 1.010050e+00
5.268921e-02 4.015200e+04 1.010050e+00
5.317723e-02 4.136081e+04 1.010050e+00
5.366977e-02 4.260169e+04 1.010050e+00
5.416687e-02 4.387534e+04 1.010050e+00
5.466857e-02 4.518250e+04 1.010050e+00
5.517492e-02 4.652393e+04 1.010050e+00
5.568596e-02 4.790041e+04 1.010050e+00
5.620174e-02 4.931270e+04 1.010050e+00
5.672229e-02 5.076157e+04 1.010050e+00
5.724766e-02 5.224783e+04 1.010050e+00
5.777790e-02 5.377229e+04 1.010050e+00
5.831305e-02 5.533578e+04 1.010050e+00
5.885316e-02 5.693914e+04 1.010050e+00
5.939827e-02 5.858323e+04 1.010050e+00
5.994843e-02 6.026892e+04 1.010050e+00
6.050368e-02 6.199710e+04 1.010050e+00
6.106408e-02 6.376865e+04 1.010050e+00
6.162966e-02 6.558450e+04 1.010050e+00
6.220049e-02 6.744557e+04 1.010050e+00
6.277660e-02 6.935282e+04 1.010050e+00
6.335805e-02 7.130721e+04 1.010050e+00
6.394488e-02 7.330968e+04 1.010050e+00
6.453715e-02 7.536122e+04 1.010050e+00
6.513491e-02 7.746287e+04 1.010050e+00
6.573820e-02 7.961565e+04 1.010050e+00
6.634708e-02 8.182059e+04 1.010050e+00
6.696160e-02 8.407873e+04 1.010050e+00
6.758181e-02 8.639114e+04 1.010050e+00
6.820777e-02 8.875890e+04 1.010050e+00
6.883952e-02 9.118312e+04 1.010050e+00
6.947713e-02 9.366493e+04 1.010050e+00
7.012064e-02 9.620548e+04 1.010050e+00
7.077011e-02 9.880590e+04 1.010050e+00
7.142559e-02 1.014673e+05 1.010050e+00
7.208715e-02 1.041910e+05 1.010050e+00
7.275484e-02 1.069781e+05 1.010050e+00
7.342870e-02 1.098298e+05 1.010050e+00
7.410882e-02 1.127475e+05 1.010050e+00
7.479523e-02 1.157322e+05 1.010050e+00
7.548799e-02 1.187854e+05 1.010050e+00
7.618718e-02 1.219083e+05 1.010050e+00
7.689284e-02 1.251022e+05 1.010050e+00
7.760503e-02 1.283684e+05 1.010050e+00
7.832383e-02 1.317084e+05 1.010050e+00
7.904928e-02 1.351234e+05 1.010050e+00
7.978145e-02 1.386149e+05 1.010050e+00
8.052040e-02 1.421842e+05 1.010050e+00
8.126619e-02 1.458328e+05 1.010050e+00
8.201889e-02 1.495621e+05 1.010050e+00
8.277857e-02 1.533736e+05 1.010050e+00
8.354528e-02 1.572687e+05 1.010050e+00
8.431909e-02 1.612489e+05 1.010050e+00
8.510007e-02 1.653159e+05 1.010050e+00
8.588829e-02 1.694710e+05 1.010050e+00
8.668380e-02 1.737160e+05 1.010050e+00
8.748668e-02 1.780522e+05 1.010050e+00
8.829700e-02 1.824814e+05 1.010050e+00
8.911482e-02 1.870051e+05 1.010050e+00
8.994022e-02 1.916250e+05 1.010050e+00
9.077327e-02 1.963429e+05 1.010050e+00
9.161402e-02 2.011602e+05 1.010050e+00
9.246257e-02 2.060788e+05 1.010050e+00
9.331898e-02 2.111003e+05 1.010050e+00
9.418332e-02 2.162265e+05 1.010050e+00
9.505566e-02 2.214592e+05 1.010050e+00
9.593608e-02 2.268001e+05 1.010050e+00
9.682466e-02 2.322511e+05 1.010050e+00
9.772147e-02 2.378139e+05 1.010050e+00
9.862658e-02 2.434905e+05 1.010050e+00
9.954008e-02 2.492825e+05 1.010050e+00
1.004620e-01 2.551920e+05 1.010050e+00
1.013925e-01 2.612210e+05 1.010050e+00
1.023317e-01 2.673716e+05 1.010050e+00
1.032795e-01 2.736454e+05 1.010050e+00
1.042361e-01 2.800443e+05 1.010050e+00
1.052015e-01 2.865703e+05 1.010050e+00
1.061759e-01 2.932255e+05 1.010050e+00
1.071593e-01 3.000121e+05 1.010050e+00
1.081519e-01 3.069323e+05 1.010050e+00
1.091536e-01 3.139880e+05 1.010050e+00
1.101646e-01 3.211812e+05 1.010050e+00
1.111850e-01 3.285140e+05 1.010050e+00
1.122148e-01 3.359884e+05 1.010050e+00
1.132541e-01 3.436069e+05 1.010050e+00
1.143031e-01 3.513717e+05 1.010050e+00
1.153618e-01 3.592852e+05 1.010050e+00
1.164303e-01 3.673497e+05 1.010050e+00
1.175087e-01 3.755669e+05 1.010050e+00
1.185971e-01 3.839390e+05 1.010050e+00
1.196956e-01 3.924689e+05 1.010050e+00
1.208042e-01 4.011589e+05 1.010050e+00
1.219231e-01 4.100111e+05 1.010050e+00
1.230524e-01 4.190279e+05 1.010050e+00
1.241921e-01 4.282118e+05 1.010050e+00
1.253424e-01 4.375653e+05 1.010050e+00
1.265034e-01 4.470905e+05 1.010050e+00
1.276751e-01 4.567899e+05 1.010050e+00
1.288576e-01 4.666665e+05 1.010050e+00
1.300511e-01 4.767229e+05 1.010050e+00
1.312557e-01 4.869611e+05 1.010050e+00
1.324714e-01 4.973836e+05 1.010050e+00
1.336984e-01 5.079933e+05 1.010050e+00
1.349367e-01 5.187931e+05 1.010050e+00
1.361865e-01 5.297853e+05 1.010050e+00
1.374479e-01 5.409725e+05 1.010050e+00
1.387210e-01 5.523574e+05 1.010050e+00
1.400058e-01 5.639427e+05 1.010050e+00
1.413026e-01 5.757313e+05 1.010050e+00
1.426114e-01 5.877260e+05 1.010050e+00
1.439323e-01 5.999292e+05 1.010050e+00
1.452654e-01 6.123438e+05 1.010050e+00
1.466109e-01 6.249732e+05 1.010050e+00
1.479688e-01 6.378203e+05 1.010050e+00
1.493393e-01 6.508870e+05 1.010050e+00
1.507225e-01 6.641764e+05 1.010050e+00
1.521186e-01 6.776921e+05 1.010050e+00
1.535275e-01 6.914372e+05 1.010050e+00
1.549495e-01 7.054137e+05 1.010050e+00
1.563847e-01 7.196246e+05 1.010050e+00
1.578331e-01 7.340739e+05 1.010050e+00
1.592950e-01 7.487646e+05 1.010050e+00
1.607704e-01 7.636991e+05 1.010050e+00
1.622595e-01 7.788801e+05 1.010050e+00
1.637624e-01 7.943112e+05 1.010050e+00
1.652792e-01 8.099961e+05 1.010050e+00
1.668101e-01 8.259380e+05 1.010050e+00
1.683551e-01 8.421398e+05 1.010050e+00
1.699144e-01 8.586041e+05 1.010050e+00
1.714882e-01 8.753341e+05 1.010050e+00
1.730766e-01 8.923338e+05 1.010050e+00
1.746796e-01 9.096067e+05 1.010050e+00
1.762975e-01 9.271555e+05 1.010050e+00
1.779304e-01 9.449833e+05 1.010050e+00
1.795785e-01 9.630938e+05 1.010050e+00
1.812418e-01 9.814907e+05 1.010050e+00
1.829205e-01 1.000177e+06 1.010050e+00
1.846147e-01 1.019156e+06 1.010050e+00
1.863246e-01 1.038432e+06 1.010050e+00
1.880504e-01 1.058007e+06 1.010050e+00
1.897922e-01 1.077886e+06 1.010050e+00
1.915501e-01 1.098070e+06 1.010050e+00
1.933242e-01 1.118565e+06 1.010050e+00
1.951148e-01 1.139375e+06 1.010050e+00
1.969220e-01 1.160503e+06 1.010050e+00
1.987460e-01 1.181952e+06 1.010050e+00
2.005868e-01 1.203726e+06 1.010050e+00
2.024447e-01 1.225827e+06 1.010050e+00
2.043197e-01 1.248260e+06 1.010050e+00
2.062122e-01 1.271030e+06 1.010050e+00
2.081222e-01 1.294139e+06 1.010050e+00
2.100498e-01 1.317592e+06 1.010050e+00
2.119953e-01 1.341392e+06 1.010050e+00
2.139589e-01 1.365542e+06 1.010050e+00
2.159406e-01 1.390047e+06 1.010050e+00
2.179407e-01 1.414910e+06 1.010050e+00
2.199593e-01 1.440136e+06 1.010050e+00
2.219966e-01 1.465729e+06 1.010050e+00
2.240528e-01 1.491691e+06 1.010050e+00
2.261280e-01 1.518027e+06 1.010050e+00
2.282224e-01 1.544742e+06 1.010050e+00
2.303363e-01 1.571839e+06 1.010050e+00
2.324697e-01 1.599322e+06 1.010050e+00
2.346229e-01 1.627195e+06 1.010050e+00
2.367960e-01 1.655461e+06 1.010050e+00
2.389893e-01 1.684125e+06 1.010050e+00
2.412028e-01 1.713192e+06 1.010050e+00
2.434369e-01 1.742666e+06 1.010050e+00
2.456916e-01 1.772550e+06 1.010050e+00
2.479673e-01 1.802849e+06 1.010050e+00
2.502640e-01 1.833565e+06 1.010050e+00
2.525820e-01 1.864705e+06 1.010050e+00
2.549215e-01 1.896273e+06 1.010050e+00
2.572826e-01 1.928272e+06 1.010050e+00
2.596656e-01 1.960706e+06 1.010050e+00
2.620707e-01 1.993579e+06 1.010050e+00
2.644980e-01 2.026897e+06 1.010050e+00
2.669478e-01 2.060664e+06 1.010050e+00
2.694204e-01 2.094884e+06 1.010050e+00
2.719158e-01 2.129561e+06 1.010050e+00
2.744343e-01 2.164699e+06 1.010050e+00
2.769762e-01 2.200305e+06 1.010050e+00
2.795416e-01 2.236379e+06 1.010050e+00
2.821308e-01 2.272928e+06 1.010050e+00
2.847439e-01 2.309956e+06 1.010050e+00
2.873813e-01 2.347468e+06 1.010050e+00
2.900430e-01 2.385469e+06 1.010050e+00
2.927295e-01 2.423964e+06 1.010050e+00
2.954408e-01 2.462955e+06 1.010050e+00
2.981772e-01 2.502447e+06 1.010050e+00
3.009390e-01 2.542445e+06 1.010050e+00
3.037264e-01 2.582954e+06 1.010050e+00
3.065395e-01 2.623979e+06 1.010050e+00
3.093788e-01 2.665524e+06 1.010050e+00
3.122443e-01 2.707595e+06 1.010050e+00
3.151363e-01 2.750195e+06 1.010050e+00
3.180552e-01 2.793328e+06 1.010050e+00
3.210011e-01 2.837001e+06 1.010050e+00
3.239743e-01 2.881216e+06 1.010050e+00
3.269750e-01 2.925981e+06 1.010050e+00
3.300035e-01 2.971298e+06 1.010050e+00
3.330600e-01 3.017173e+06 1.010050e+00
3.361449e-01 3.063609e+06 1.010050e+00
3.392583e-01 3.110614e+06 1.010050e+00
3.424006e-01 3.158190e+06 1.010050e+00
3.455720e-01 3.206345e+06 1.010050e+00
3.487727e-01 3.255080e+06 1.010050e+00
3.520031e-01 3.304402e+06 1.010050e+00
3.552635e-01 3.354315e+06 1.010050e+00
3.585540e-01 3.404825e+06 1.010050e+00
3.618750e-01 3.455936e+06 1.010050e+00
3.652267e-01 3.507653e+06 1.010050e+00
3.686095e-01 3.559981e+06 1.010050e+00
3.720237e-01 3.612926e+06 1.010050e+00
3.754694e-01 3.666492e+06 1.010050e+00
3.789471e-01 3.720683e+06 1.010050e+00
3.824570e-01 3.775505e+06 1.010050e+00
3.859994e-01 3.830963e+06 1.010050e+00
3.895746e-01 3.887062e+06 1.010050e+00
3.931829e-01 3.943808e+06 1.010050e+00
3.968246e-01 4.001204e+06 1.010050e+00
4.005001e-01 4.059255e+06 1.010050e+00
4.042096e-01 4.117969e+06 1.010050e+00
4.079535e-01 4.177349e+06 1.010050e+00
4.117320e-01 4.237400e+06 1.010050e+00
4.155455e-01 4.298127e+06 1.010050e+00
4.193944e-01 4.359535e+06 1.010050e+00
4.232789e-01 4.421630e+06 1.010050e+00
4.271994e-01 4.484417e+06 1.010050e+00
4.311562e-01 4.547901e+06 1.010050e+00
4.351497e-01 4.612086e+06 1.010050e+00
4.391801e-01 4.676978e+06 1.010050e+00
4.432479e-01 4.742583e+06 1.010050e+00
4.473533e-01 4.808905e+06 1.010050e+00
4.514968e-01 4.875950e+06 1.010050e+00
4.556786e-01 4.943723e+06 1.010050e+00
4.598992e-01 5.012228e+06 1.010050e+00
4.641589e-01 5.081473e+06 1.010050e+00
4.684580e-01 5.151461e+06 1.010050e+00
4.727970e-01 5.222196e+06 1.010050e+00
4.771761e-01 5.293686e+06 1.010050e+00
4.815958e-01 5.365934e+06 1.010050e+00
4.860564e-01 5.438947e+06 1.010050e+00
4.905584e-01 5.512730e+06 1.010050e+00
4.951020e-01 5.587288e+06 1.010050e+00
4.996877e-01 5.662626e+06 1.010050e+00
5.043159e-01 5.738749e+06 1.010050e+00
5.089870e-01 5.815663e+06 1.010050e+00
5.137014e-01 5.893371e+06 1.010050e+00
5.184594e-01 5.971881e+06 1.010050e+00
5.232614e-01 6.051197e+06 1.010050e+00
5.281080e-01 6.131325e+06 1.010050e+00
5.329994e-01 6.212271e+06 1.010050e+00
5.379362e-01 6.294038e+06 1.010050e+00
5.429186e-01 6.376632e+06 1.010050e+00
5.479472e-01 6.460058e+06 1.010050e+00
5.530224e-01 6.544322e+06 1.010050e+00
5.581446e-01 6.629431e+06 1.010050e+00
5.633143e-01 6.715387e+06 1.010050e+00
5.685318e-01 6.802198e+06 1.010050e+00
5.737976e-01 6.889866e+06 1.010050e+00
5.791123e-01 6.978399e+06 1.010050e+00
5.844761e-01 7.067802e+06 1.010050e+00
5.898896e-01 7.158080e+06 1.010050e+00
5.953533e-01 7.249238e+06 1.010050e+00
6.008676e-01 7.341281e+06 1.010050e+00
6.064329e-01 7.434214e+06 1.010050e+00
6.120498e-01 7.528042e+06 1.010050e+00
6.177188e-01 7.622772e+06 1.010050e+00
6.234402e-01 7.718408e+06 1.010050e+00
6.292146e-01 7.814954e+06 1.010050e+00
6.350425e-01 7.912418e+06 1.010050e+00
6.409244e-01 8.010803e+06 1.010050e+00
6.468608e-01 8.110115e+06 1.010050e+00
6.528521e-01 8.210360e+06 1.010050e+00
6.588990e-01 8.311542e+06 1.010050e+00
6.650018e-01 8.413666e+06 1.010050e+00
6.711612e-01 8.516738e+06 1.010050e+00
6.773776e-01 8.620762e+06 1.010050e+00
6.836516e-01 8.725744e+06 1.010050e+00
6.899837e-01 8.831689e+06 1.010050e+00
6.963745e-01 8.938602e+06 1.010050e+00
7.028244e-01 9.046489e+06 1.010050e+00
7.093341e-01 9.155354e+06 1.010050e+00
7.159041e-01 9.265202e+06 1.010050e+00
7.225349e-01 9.376038e+06 1.010050e+00
7.292272e-01 9.487867e+06 1.010050e+00
7.359814e-01 9.600694e+06 1.010050e+00
7.427982e-01 9.714524e+06 1.010050e+00
7.496782e-01 9.829362e+06 1.010050e+00
7.566219e-01 9.945215e+06 1.010050e+00
7.636298e-01 1.006209e+07 1.010050e+00
7.707027e-01 1.017998e+07 1.010050e+00
7.778411e-01 1.029890e+07 1.010050e+00
7.850456e-01 1.041886e+07 1.010050e+00
7.923169e-01 1.053985e+07 1.010050e+00
7.996555e-01 1.066188e+07 1.010050e+00
8.070620e-01 1.078496e+07 1.010050e+00
8.145372e-01 1.090910e+07 1.010050e+00
8.220816e-01 1.103428e+07 1.010050e+00
8.296959e-01 1.116053e+07 1.010050e+00
8.373807e-01 1.128785e+07 1.010050e+00
8.451366e-01 1.141623e+07 1.010050e+00
8.529644e-01 1.154570e+07 1.010050e+00
8.608648e-01 1.167624e+07 1.010050e+00
8.688383e-01 1.180787e+07 1.010050e+00
8.768856e-01 1.194058e+07 1.010050e+00
8.850075e-01 1.207440e+07 1.010050e+00
8.932046e-01 1.220930e+07 1.010050e+00
9.014776e-01 1.234531e+07 1.010050e+00
9.098273e-01 1.248243e+07 1.010050e+00
9.182543e-01 1.262066e+07 1.010050e+00
9.267593e-01 1.276000e+07 1.010050e+00
9.353432e-01 1.290046e+07 1.010050e+00
9.440065e-01 1.304205e+07 1.010050e+00
9.527500e-01 1.318476e+07 1.010050e+00
9.615746e-01 1.332861e+07 1.010050e+00
9.704809e-01 1.347359e+07 1.010050e+00
9.794697e-01 1.361972e+07 1.010050e+00
9.885417e-01 1.376699e+07 1.010050e+00
9.976978e-01 1.391541e+07 1.010050e+00
1.006939e+00 1.406498e+07 1.010050e+00
1.016265e+00 1.421571e+07 1.010050e+00
1.025678e+00 1.436760e+07 1.010050e+00
1.035178e+00 1.452065e+07 1.010050e+00
1.044766e+00 1.467486e+07 1.010050e+00
1.054443e+00 1.483025e+07 1.010050e+00
1.064209e+00 1.498682e+07 1.010050e+00
1.074066e+00 1.514456e+07 1.010050e+00
1.084014e+00 1.530349e+07 1.010050e+00
1.094055e+00 1.546361e+07 1.010050e+00
1.104188e+00 1.562492e+07 1.010050e+00
1.114415e+00 1.578742e+07 1.010050e+00
1.124737e+00 1.595111e+07 1.010050e+00
1.135155e+00 1.611601e+07 1.010050e+00
1.145669e+00 1.628211e+07 1.010050e+00
1.156280e+00 1.644942e+07 1.010050e+00
1.166990e+00 1.661793e+07 1.010050e+00
1.177799e+00 1.678766e+07 1.010050e+00
1.188708e+00 1.695860e+07 1.010050e+00
1.199718e+00 1.713076e+07 1.010050e+00
1.210830e+00 1.730415e+07 1.010050e+00
1.222045e+00 1.747875e+07 1.010050e+00
1.233363e+00 1.765458e+07 1.010050e+00
1.244787e+00 1.783164e+07 1.010050e+00
1.256317e+00 1.800994e+07 1.010050e+00
1.267953e+00 1.818947e+07 1.010050e+00
1.279697e+00 1.837024e+07 1.010050e+00
1.291550e+00 1.855225e+07 1.010050e+00
1.303512e+00 1.873550e+07 1.010050e+00
1.315586e+00 1.891999e+07 1.010050e+00
1.327771e+00 1.910574e+07 1.010050e+00
1.340069e+00 1.929274e+07 1.010050e+00
1.352481e+00 1.948099e+07 1.010050e+00
1.365008e+00 1.967049e+07 1.010050e+00
1.377651e+00 1.986124e+07 1.010050e+00
1.390411e+00 2.005326e+07 1.010050e+00
1.403289e+00 2.024652e+07 1.010050e+00
1.416287e+00 2.044105e+07 1.010050e+00
1.429405e+00 2.063686e+07 1.010050e+00
1.442644e+00 2.083392e+07 1.010050e+00
1.456006e+00 2.103225e+07 1.010050e+00
1.469492e+00 2.123184e+07 1.010050e+00
1.483103e+00 2.143271e+07 1.010050e+00
1.496839e+00 2.163485e+07 1.010050e+00
1.510703e+00 2.183826e+07 1.010050e+00
1.524696e+00 2.204293e+07 1.010050e+00
1.538818e+00 2.224889e+07 1.010050e+00
1.553071e+00 2.245612e+07 1.010050e+00
1.567455e+00 2.266462e+07 1.010050e+00
1.581973e+00 2.287441e+07 1.010050e+00
1.596626e+00 2.308547e+07 1.010050e+00
1.611414e+00 2.329781e+07 1.010050e+00
1.626340e+00 2.351142e+07 1.010050e+00
1.641403e+00 2.372631e+07 1.010050e+00
1.656606e+00 2.394249e+07 1.010050e+00
1.671950e+00 2.415995e+07 1.010050e+00
1.687436e+00 2.437869e+07 1.010050e+00
1.703065e+00 2.459871e+07 1.010050e+00
1.718839e+00 2.482001e+07 1.010050e+00
1.734759e+00 2.504260e+07 1.010050e+00
1.750827e+00 2.526647e+07 1.010050e+00
1.767044e+00 2.549161e+07 1.010050e+00
1.783410e+00 2.571804e+07 1.010050e+00
1.799929e+00 2.594575e+07 1.010050e+00
1.816600e+00 2.617473e+07 1.010050e+00
1.833425e+00 2.640500e+07 1.010050e+00
1.850407e+00 2.663655e+07 1.010050e+00
1.867546e+00 2.686938e+07 1.010050e+00
1.884843e+00 2.710349e+07 1.010050e+00
1.902301e+00 2.733887e+07 1.010050e+00
1.919921e+00 2.757554e+07 1.010050e+00
1.937703e+00 2.781348e+07 1.010050e+00
1.955651e+00 2.805269e+07 1.010050e+00
1.973764e+00 2.829318e+07 1.010050e+00
1.992046e+00 2.853495e+07 1.010050e+00
2.010496e+00 2.877799e+07 1.010050e+00
2.029118e+00 2.902230e+07 1.010050e+00
2.047912e+00 2.926787e+07 1.010050e+00
2.066880e+00 2.951471e+07 1.010050e+00
2.086024e+00 2.976283e+07 1.010050e+00
2.105345e+00 3.001221e+07 1.010050e+00
2.124845e+00 3.026285e+07 1.010050e+00
2.144526e+00 3.051475e+07 1.010050e+00
2.164389e+00 3.076792e+07 1.010050e+00
2.184436e+00 3.102236e+07 1.010050e+00
2.204669e+00 3.127804e+07 1.010050e+00
2.225089e+00 3.153498e+07 1.010050e+00
2.245698e+00 3.179317e+07 1.010050e+00
2.266498e+00 3.205262e+07 1.010050e+00
2.287491e+00 3.231332e+07 1.010050e+00
2.308678e+00 3.257526e+07 1.010050e+00
2.330061e+00 3.283845e+07 1.010050e+00
2.351643e+00 3.310288e+07 1.010050e+00
2.373424e+00 3.336855e+07 1.010050e+00
2.395407e+00 3.363546e+07 1.010050e+00
2.417594e+00 3.390361e+07 1.010050e+00
2.439986e+00 3.417299e+07 1.010050e+00
2.462586e+00 3.444361e+07 1.010050e+00
2.485395e+00 3.471545e+07 1.010050e+00
2.508415e+00 3.498851e+07 1.010050e+00
2.531648e+00 3.526281e+07 1.010050e+00
2.555097e+00 3.553833e+07 1.010050e+00
2.578763e+00 3.581506e+07 1.010050e+00
2.602648e+00 3.609302e+07 1.010050e+00
2.626754e+00 3.637219e+07 1.010050e+00
2.651084e+00 3.665256e+07 1.010050e+00
2.675638e+00 3.693414e+07 1.010050e+00
2.700421e+00 3.721693e+07 1.010050e+00
2.725433e+00 3.750092e+07 1.010050e+00
2.750676e+00 3.778612e+07 1.010050e+00
2.776153e+00 3.807252e+07 1.010050e+00
2.801867e+00 3.836011e+07 1.010050e+00
2.827818e+00 3.864889e+07 1.010050e+00
2.854010e+00 3.893886e+07 1.010050e+00
2.880444e+00 3.923001e+07 1.010050e+00
2.907123e+00 3.952235e+07 1.010050e+00
2.934050e+00 3.981587e+07 1.010050e+00
2.961225e+00 4.011057e+07 1.010050e+00
2.988653e+00 4.040645e+07 1.010050e+00
3.016334e+00 4.070350e+07 1.010050e+00
3.044272e+00 4.100172e+07 1.010050e+00
3.072469e+00 4.130111e+07 1.010050e+00
3.100927e+00 4.160167e+07 1.010050e+00
3.129648e+00 4.190339e+07 1.010050e+00
3.158635e+00 4.220626e+07 1.010050e+00
3.187891e+00 4.251029e+07 1.010050e+00
3.217418e+00 4.281548e+07 1.010050e+00
3.247218e+00 4.312183e+07 1.010050e+00
3.277295e+00 4.342932e+07 1.010050e+00
3.307650e+00 4.373796e+07 1.010050e+00
3.338286e+00 4.404774e+07 1.010050e+00
3.369206e+00 4.435867e+07 1.010050e+00
3.400412e+00 4.467075e+07 1.010050e+00
3.431907e+00 4.498396e+07 1.010050e+00
3.463694e+00 4.529830e+07 1.010050e+00
3.495776e+00 4.561379e+07 1.010050e+00
3.528154e+00 4.593042e+07 1.010050e+00
3.560833e+00 4.624814e+07 1.010050e+00
3.593814e+00 4.656696e+07 1.010050e+00
3.627100e+00 4.688704e+07 1.010050e+00
3.660695e+00 4.720836e+07 1.010050e+00
3.694601e+00 4.753031e+07 1.010050e+00
3.728821e+00 4.785291e+07 1.010050e+00
3.763358e+00 4.817853e+07 1.010050e+00
3.798215e+00 4.850703e+07 1.010050e+00
3.833395e+00 4.882948e+07 1.010050e+00
3.868901e+00 4.914635e+07 1.010050e+00
3.904735e+00 4.949138e+07 1.010050e+00
3.940902e+00 4.986298e+07 1.010050e+00
3.977403e+00 5.013359e+07 1.010050e+00
4.014242e+00 5.021340e+07 1.010051e+00
4.051423e+00 5.020118e+07 1.010051e+00
4.088948e+00 5.019768e+07 1.010051e+00
4.126821e+00 5.020310e+07 1.010051e+00
4.165044e+00 5.020405e+07 1.010051e+00
4.203622e+00 5.020259e+07 1.010051e+00
4.242556e+00 5.020234e+07 1.010051e+00
4.281852e+00 5.020273e+07 1.010051e+00
4.321511e+00 5.020280e+07 1.010051e+00
4.361538e+00 5.020269e+07 1.010051e+00
4.401935e+00 5.020267e+07 1.010051e+00
4.442707e+00 5.020270e+07 1.010051e+00
4.483856e+00 5.020271e+07 1.010051e+00
4.525386e+00 5.020270e+07 1.010051e+00
4.567301e+00 5.020270e+07 1.010051e+00
4.609604e+00 5.020270e+07 1.010051e+00
4.652300e+00 5.020270e+07 1.010051e+00
4.695390e+00 5.020270e+07 1.010051e+00
4.738880e+00 5.020270e+07 1.010051e+00
4.782772e+00 5.020270e+07 1.010051e+00
4.827071e+00 5.020270e+07 1.010051e+00
4.871780e+00 5.020270e+07 1.010051e+00
4.916904e+00 5.020270e+07 1.010051e+00
4.962445e+00 5.020270e+07 1.010051e+00
5.008408e+00 5.020270e+07 1.010051e+00
5.054797e+00 5.020270e+07 1.010051e+00
5.101615e+00 5.020270e+07 1.010051e+00
5.148867e+00 5.020270e+07 1.010051e+00
5.196557e+00 5.020270e+07 1.010051e+00
5.244689e+00 5.020270e+07 1.010051e+00
5.293266e+00 5.020270e+07 1.010051e+00
5.342293e+00 5.020270e+07 1.010051e+00
5.391775e+00 5.020270e+07 1.010051e+00
5.441714e+00 5.020270e+07 1.010051e+00
5.492116e+00 5.020270e+07 1.010051e+00
5.542986e+00 5.020270e+07 1.010051e+00
5.594326e+00 5.020270e+07 1.010051e+00
5.646141e+00 5.020270e+07 1.010051e+00
5.698437e+00 5.020270e+07 1.010051e+00
5.751217e+00 5.020270e+07 1.010051e+00
5.804486e+00 5.020270e+07 1.010051e+00
5.858248e+00 5.020270e+07 1.010051e+00
5.912508e+00 5.020270e+07 1.010051e+00
5.967271e+00 5.020270e+07 1.010051e+00
6.022541e+00 5.020270e+07 1.010051e+00
6.078323e+00 5.020270e+07 1.010051e+00
6.134622e+00 5.020270e+07 1.010051e+00
6.191442e+00 5.020270e+07 1.010051e+00
6.248788e+00 5.020270e+07 1.010051e+00
6.306666e+00 5.020270e+07 1.010051e+00
6.365079e+00 5.020270e+07 1.010051e+00
6.424034e+00 5.020270e+07 1.010051e+00
6.483534e+00 5.020270e+07 1.010051e+00
6.543586e+00 5.020270e+07 1.010051e+00
6.604194e+00 5.020270e+07 1.010051e+00
6.665363e+00 5.020270e+07 1.010051e+00
6.727099e+00 5.020270e+07 1.010051e+00
6.789407e+00 5.020270e+07 1.010051e+00
6.852292e+00 5.020270e+07 1.010051e+00
6.915759e+00 5.020270e+07 1.010051e+00
6.979814e+00 5.020270e+07 1.010051e+00
7.044462e+00 5.020270e+07 1.010051e+00
7.109709e+00 5.020270e+07 1.010051e+00
7.175561e+00 5.020270e+07 1.010051e+00
7.242022e+00 5.020270e+07 1.010051e+00
7.309099e+00 5.020270e+07 1.010051e+00
7.376798e+00 5.020270e+07 1.010051e+00
7.445123e+00 5.020270e+07 1.010051e+00
7.514081e+00 5.020270e+07 1.010051e+00
7.583678e+00 5.020270e+07 1.010051e+00
7.653919e+00 5.020270e+07 1.010051e+00
7.724811e+00 5.020270e+07 1.010051e+00
7.796360e+00 5.020270e+07 1.010051e+00
7.868572e+00 5.020270e+07 1.010051e+00
7.941452e+00 5.020270e+07 1.010051e+00
8.015007e+00 5.020270e+07 1.010051e+00
8.089243e+00 5.020270e+07 1.010051e+00
8.164168e+00 5.020270e+07 1.010051e+00
8.239786e+00 5.020270e+07 1.010051e+00
8.316104e+00 5.020270e+07 1.010051e+00
8.393129e+00 5.020270e+07 1.010051e+00
8.470868e+00 5.020270e+07 1.010051e+00
8.549327e+00 5.020270e+07 1.010051e+00
8.628513e+00 5.020270e+07 1.010051e+00
8.708431e+00 5.020270e+07 1.010051e+00
8.789091e+00 5.020270e+07 1.010051e+00
8.870497e+00 5.020270e+07 1.010051e+00
8.952657e+00 5.020270e+07 1.010051e+00
9.035578e+00 5.020270e+07 1.010051e+00
9.119268e+00 5.020270e+07 1.010051e+00
9.203732e+00 5.020270e+07 1.010051e+00
9.288979e+00 5.020270e+07 1.010051e+00
9.375015e+00 5.020270e+07 1.010051e+00
9.461848e+00 5.020270e+07 1.010051e+00
9.549486e+00 5.020270e+07 1.010051e+00
9.637935e+00 5.020270e+07 1.010051e+00
9.727203e+00 5.020270e+07 1.010051e+00
9.817298e+00 5.020270e+07 1.010051e+00
9.908228e+00 5.020270e+07 1.010051e+00
1.000000e+01 5.020270e+07 1.010051e+00
