# d + d > t + p   [d_d__t_p]   ref=Parthenope3.0 (Pisanti et al 2020 (PIS2020, default))
# Forward rate N_A<sigma v> [cm^3 mol^-1 s^-1] extracted from
# parthenope3.0.f (default PIS2020 nuclear-rate selection).
# error column = sqrt((1+drate_up)/(1+drate_lo)), the full Parthenope
# 1-sigma multiplicative envelope (statistical fp/fm + systematic floor).
# NOTE: lowest 47 T9 points (below the fit validity floor, where
#   the published polynomial extrapolates non-physically) are filled by
#   log-log extrapolation; this region is dynamically frozen for BBN.
# T9                 rate                error
1.000000e-03 2.859058e-25 1.009883e+00
1.009262e-03 4.189374e-25 1.009883e+00
1.018610e-03 6.138730e-25 1.009883e+00
1.028045e-03 8.995141e-25 1.009883e+00
1.037567e-03 1.318058e-24 1.009883e+00
1.047177e-03 1.931333e-24 1.009883e+00
1.056876e-03 2.829973e-24 1.009883e+00
1.066665e-03 4.146824e-24 1.009883e+00
1.076545e-03 6.076434e-24 1.009883e+00
1.086516e-03 8.903761e-24 1.009883e+00
1.096579e-03 1.304653e-23 1.009883e+00
1.106736e-03 1.911704e-23 1.009883e+00
1.116987e-03 2.801248e-23 1.009883e+00
1.127333e-03 4.104743e-23 1.009883e+00
1.137774e-03 6.014750e-23 1.009883e+00
1.148312e-03 8.813351e-23 1.009883e+00
1.158948e-03 1.291406e-22 1.009883e+00
1.169683e-03 1.892300e-22 1.009883e+00
1.180517e-03 2.772822e-22 1.009883e+00
1.191451e-03 4.063082e-22 1.009883e+00
1.202486e-03 5.953675e-22 1.009883e+00
1.213624e-03 8.723828e-22 1.009883e+00
1.224865e-03 1.278291e-21 1.009883e+00
1.236210e-03 1.873100e-21 1.009883e+00
1.247660e-03 2.744698e-21 1.009883e+00
1.259216e-03 4.021819e-21 1.009883e+00
1.270879e-03 5.893149e-21 1.009883e+00
1.282650e-03 8.635226e-21 1.009883e+00
1.294530e-03 1.265323e-20 1.009883e+00
1.306520e-03 1.854082e-20 1.009883e+00
1.318621e-03 2.716798e-20 1.009883e+00
1.330835e-03 3.980957e-20 1.009883e+00
1.343161e-03 5.833353e-20 1.009883e+00
1.355602e-03 8.547683e-20 1.009883e+00
1.368158e-03 1.252494e-19 1.009883e+00
1.380830e-03 1.835268e-19 1.009883e+00
1.393619e-03 2.689204e-19 1.009883e+00
1.406527e-03 3.940513e-19 1.009883e+00
1.419555e-03 5.774094e-19 1.009883e+00
1.432703e-03 8.460840e-19 1.009883e+00
1.445973e-03 1.239771e-18 1.009883e+00
1.459366e-03 1.816641e-18 1.009883e+00
1.472883e-03 2.661932e-18 1.009883e+00
1.486525e-03 3.900546e-18 1.009883e+00
1.500293e-03 5.715475e-18 1.009883e+00
1.514189e-03 8.374829e-18 1.009883e+00
1.528214e-03 1.227157e-17 1.009883e+00
1.542369e-03 1.798159e-17 1.009883e+00
1.556654e-03 2.634860e-17 1.009883e+00
1.571072e-03 3.860866e-17 1.009883e+00
1.585624e-03 5.657320e-17 1.009883e+00
1.600310e-03 8.289693e-17 1.009883e+00
1.615133e-03 1.214699e-16 1.009883e+00
1.630092e-03 1.779924e-16 1.009883e+00
1.645191e-03 2.608151e-16 1.009883e+00
1.660429e-03 3.821726e-16 1.009883e+00
1.675808e-03 5.599945e-16 1.009883e+00
1.691330e-03 8.205568e-16 1.009883e+00
1.706995e-03 1.202366e-15 1.009883e+00
1.722805e-03 1.761847e-15 1.009883e+00
1.738762e-03 2.581660e-15 1.009883e+00
1.754867e-03 3.782897e-15 1.009883e+00
1.771121e-03 5.543044e-15 1.009883e+00
1.787526e-03 8.122230e-15 1.009883e+00
1.804082e-03 1.190158e-14 1.009883e+00
1.820792e-03 1.743950e-14 1.009883e+00
1.837656e-03 2.555417e-14 1.009883e+00
1.854677e-03 3.744440e-14 1.009883e+00
1.871855e-03 5.486723e-14 1.009883e+00
1.889193e-03 8.039773e-14 1.009883e+00
1.906691e-03 1.178081e-13 1.009883e+00
1.924351e-03 1.726247e-13 1.009883e+00
1.942175e-03 2.529464e-13 1.009883e+00
1.960163e-03 3.706421e-13 1.009883e+00
1.978319e-03 5.431032e-13 1.009883e+00
1.996642e-03 7.958134e-13 1.009883e+00
2.015136e-03 1.166113e-12 1.009883e+00
2.033800e-03 1.708717e-12 1.009883e+00
2.052638e-03 2.503797e-12 1.009883e+00
2.071650e-03 3.668830e-12 1.009883e+00
2.090838e-03 5.375959e-12 1.009883e+00
2.110203e-03 7.877434e-12 1.009883e+00
2.129749e-03 1.154282e-11 1.009883e+00
2.149475e-03 1.691357e-11 1.009883e+00
2.169384e-03 2.478335e-11 1.009883e+00
2.189477e-03 3.631540e-11 1.009883e+00
2.209756e-03 5.321355e-11 1.009883e+00
2.230223e-03 7.797362e-11 1.009883e+00
2.250880e-03 1.142542e-10 1.009883e+00
2.271728e-03 1.674179e-10 1.009883e+00
2.292769e-03 2.453202e-10 1.009883e+00
2.314005e-03 3.594682e-10 1.009883e+00
2.335438e-03 5.267268e-10 1.009883e+00
2.357069e-03 7.718126e-10 1.009883e+00
2.378901e-03 1.130940e-09 1.009883e+00
2.400935e-03 1.657172e-09 1.009883e+00
2.423173e-03 2.428263e-09 1.009883e+00
2.445617e-03 3.558155e-09 1.009883e+00
2.468268e-03 5.213793e-09 1.009883e+00
2.491130e-03 7.639791e-09 1.009883e+00
2.514203e-03 1.119462e-08 1.009883e+00
2.537490e-03 1.640358e-08 1.009883e+00
2.560993e-03 2.403631e-08 1.009883e+00
2.584714e-03 3.522043e-08 1.009883e+00
2.608654e-03 5.160850e-08 1.009883e+00
2.632815e-03 7.562233e-08 1.009883e+00
2.657201e-03 1.108100e-07 1.009883e+00
2.681813e-03 1.623698e-07 1.009883e+00
2.706652e-03 2.379201e-07 1.009883e+00
2.731722e-03 3.486263e-07 1.009883e+00
2.757023e-03 5.108462e-07 1.009883e+00
2.782559e-03 7.485455e-07 1.009883e+00
2.808332e-03 1.096843e-06 1.009883e+00
2.834343e-03 1.607203e-06 1.009883e+00
2.860596e-03 2.355036e-06 1.009883e+00
2.887091e-03 3.450846e-06 1.009883e+00
2.913832e-03 5.056548e-06 1.009883e+00
2.940820e-03 7.409382e-06 1.009883e+00
2.968059e-03 1.085699e-05 1.009883e+00
2.995549e-03 1.590881e-05 1.009883e+00
3.023295e-03 2.331130e-05 1.009883e+00
3.051297e-03 3.415826e-05 1.009883e+00
3.079559e-03 5.005237e-05 1.009883e+00
3.108082e-03 7.334196e-05 1.009883e+00
3.136870e-03 1.074681e-04 1.009883e+00
3.165924e-03 1.574729e-04 1.009883e+00
3.195248e-03 2.307454e-04 1.009883e+00
3.224842e-03 3.381132e-04 1.009883e+00
3.254712e-03 4.954408e-04 1.009883e+00
3.284857e-03 7.259723e-04 1.009883e+00
3.315282e-03 1.063767e-03 1.009883e+00
3.345989e-03 1.558733e-03 1.009883e+00
3.376980e-03 2.284016e-03 1.009883e+00
3.408259e-03 3.346817e-03 1.009883e+00
3.439826e-03 4.904099e-03 1.009883e+00
3.471687e-03 7.185757e-03 1.009883e+00
3.503842e-03 1.052949e-02 1.009883e+00
3.536296e-03 1.543085e-02 1.009883e+00
3.569049e-03 2.260945e-02 1.009883e+00
3.602107e-03 3.311419e-02 1.009882e+00
3.635470e-03 4.853379e-02 1.009883e+00
3.669142e-03 7.124086e-02 1.009885e+00
3.703127e-03 1.042979e-01 1.009884e+00
3.737426e-03 1.518364e-01 1.009876e+00
3.772042e-03 2.232072e-01 1.009880e+00
3.806980e-03 3.351076e-01 1.009917e+00
3.842241e-03 4.852202e-01 1.009965e+00
3.877828e-03 6.327095e-01 1.009989e+00
3.913746e-03 7.615624e-01 1.009995e+00
3.949995e-03 8.929016e-01 1.010001e+00
3.986581e-03 1.031168e+00 1.010008e+00
4.023506e-03 1.167988e+00 1.010013e+00
4.060772e-03 1.301637e+00 1.010016e+00
4.098384e-03 1.435045e+00 1.010018e+00
4.136344e-03 1.568437e+00 1.010021e+00
4.174655e-03 1.700734e+00 1.010022e+00
4.213322e-03 1.831620e+00 1.010024e+00
4.252346e-03 1.961317e+00 1.010025e+00
4.291732e-03 2.089696e+00 1.010027e+00
4.331483e-03 2.216551e+00 1.010028e+00
4.371602e-03 2.341722e+00 1.010029e+00
4.412093e-03 2.465130e+00 1.010029e+00
4.452959e-03 2.586642e+00 1.010030e+00
4.494203e-03 2.706142e+00 1.010030e+00
4.535829e-03 2.823502e+00 1.010031e+00
4.577841e-03 2.938625e+00 1.010031e+00
4.620241e-03 3.051396e+00 1.010032e+00
4.663035e-03 3.161720e+00 1.010033e+00
4.706225e-03 3.269497e+00 1.010033e+00
4.749815e-03 3.374642e+00 1.010033e+00
4.793808e-03 3.477067e+00 1.010033e+00
4.838210e-03 3.576699e+00 1.010033e+00
4.883022e-03 3.673462e+00 1.010034e+00
4.928250e-03 3.767297e+00 1.010034e+00
4.973896e-03 3.858146e+00 1.010034e+00
5.019965e-03 3.945964e+00 1.010034e+00
5.066461e-03 4.030709e+00 1.010034e+00
5.113388e-03 4.112351e+00 1.010034e+00
5.160749e-03 4.190869e+00 1.010034e+00
5.208549e-03 4.266252e+00 1.010034e+00
5.256791e-03 4.338497e+00 1.010034e+00
5.305481e-03 4.407615e+00 1.010034e+00
5.354621e-03 4.473624e+00 1.010034e+00
5.404216e-03 4.536557e+00 1.010034e+00
5.454271e-03 4.596456e+00 1.010034e+00
5.504790e-03 4.653377e+00 1.010034e+00
5.555776e-03 4.707389e+00 1.010034e+00
5.607235e-03 4.758574e+00 1.010034e+00
5.659170e-03 4.807029e+00 1.010034e+00
5.711586e-03 4.852864e+00 1.010034e+00
5.764488e-03 4.896205e+00 1.010034e+00
5.817880e-03 4.937193e+00 1.010034e+00
5.871766e-03 4.975986e+00 1.010034e+00
5.926152e-03 5.012757e+00 1.010034e+00
5.981041e-03 5.047701e+00 1.010034e+00
6.036439e-03 5.081025e+00 1.010034e+00
6.092349e-03 5.112960e+00 1.010033e+00
6.148778e-03 5.143752e+00 1.010033e+00
6.205729e-03 5.173671e+00 1.010033e+00
6.263207e-03 5.203005e+00 1.010033e+00
6.321218e-03 5.232066e+00 1.010033e+00
6.379767e-03 5.261186e+00 1.010033e+00
6.438857e-03 5.290723e+00 1.010032e+00
6.498495e-03 5.321056e+00 1.010032e+00
6.558686e-03 5.352590e+00 1.010032e+00
6.619433e-03 5.385757e+00 1.010032e+00
6.680744e-03 5.421014e+00 1.010032e+00
6.742622e-03 5.458846e+00 1.010032e+00
6.805074e-03 5.499768e+00 1.010032e+00
6.868104e-03 5.544321e+00 1.010032e+00
6.931717e-03 5.593081e+00 1.010031e+00
6.995920e-03 5.646653e+00 1.010031e+00
7.060718e-03 5.705677e+00 1.010031e+00
7.126115e-03 5.770825e+00 1.010031e+00
7.192119e-03 5.842805e+00 1.010031e+00
7.258734e-03 5.922364e+00 1.010031e+00
7.325965e-03 6.010281e+00 1.010031e+00
7.393820e-03 6.107384e+00 1.010031e+00
7.462303e-03 6.214529e+00 1.010031e+00
7.531420e-03 6.332627e+00 1.010031e+00
7.601178e-03 6.462623e+00 1.010032e+00
7.671581e-03 6.605519e+00 1.010032e+00
7.742637e-03 6.762348e+00 1.010032e+00
7.814351e-03 6.934210e+00 1.010032e+00
7.886729e-03 7.122237e+00 1.010033e+00
7.959777e-03 7.327635e+00 1.010033e+00
8.033502e-03 7.551644e+00 1.010033e+00
8.107910e-03 7.795578e+00 1.010033e+00
8.183007e-03 8.060794e+00 1.010034e+00
8.258799e-03 8.348730e+00 1.010034e+00
8.335294e-03 8.660867e+00 1.010035e+00
8.412497e-03 8.998765e+00 1.010035e+00
8.490415e-03 9.364044e+00 1.010036e+00
8.569055e-03 9.758410e+00 1.010036e+00
8.648423e-03 1.018363e+01 1.010036e+00
8.728527e-03 1.064154e+01 1.010036e+00
8.809372e-03 1.113409e+01 1.010037e+00
8.890966e-03 1.166327e+01 1.010037e+00
8.973316e-03 1.223118e+01 1.010038e+00
9.056428e-03 1.284002e+01 1.010038e+00
9.140311e-03 1.349206e+01 1.010039e+00
9.224970e-03 1.418967e+01 1.010039e+00
9.310413e-03 1.493533e+01 1.010040e+00
9.396648e-03 1.573163e+01 1.010040e+00
9.483682e-03 1.658125e+01 1.010041e+00
9.571522e-03 1.748700e+01 1.010041e+00
9.660175e-03 1.845180e+01 1.010042e+00
9.749649e-03 1.947868e+01 1.010042e+00
9.839952e-03 2.057083e+01 1.010042e+00
9.931092e-03 2.173153e+01 1.010042e+00
1.002308e-02 2.296425e+01 1.010043e+00
1.011591e-02 2.427254e+01 1.010043e+00
1.020961e-02 2.566013e+01 1.010044e+00
1.030417e-02 2.713089e+01 1.010044e+00
1.039961e-02 2.868887e+01 1.010044e+00
1.049593e-02 3.033828e+01 1.010044e+00
1.059315e-02 3.208351e+01 1.010045e+00
1.069126e-02 3.392908e+01 1.010045e+00
1.079029e-02 3.587974e+01 1.010045e+00
1.089023e-02 3.794047e+01 1.010045e+00
1.099110e-02 4.011642e+01 1.010046e+00
1.109290e-02 4.241292e+01 1.010046e+00
1.119564e-02 4.483550e+01 1.010046e+00
1.129934e-02 4.738990e+01 1.010046e+00
1.140400e-02 5.008213e+01 1.010046e+00
1.150962e-02 5.291842e+01 1.010046e+00
1.161623e-02 5.590534e+01 1.010047e+00
1.172382e-02 5.904971e+01 1.010047e+00
1.183241e-02 6.235858e+01 1.010047e+00
1.194200e-02 6.583921e+01 1.010047e+00
1.205261e-02 6.949918e+01 1.010047e+00
1.216424e-02 7.334635e+01 1.010047e+00
1.227691e-02 7.738898e+01 1.010048e+00
1.239062e-02 8.163563e+01 1.010048e+00
1.250539e-02 8.609522e+01 1.010048e+00
1.262121e-02 9.077695e+01 1.010048e+00
1.273811e-02 9.569032e+01 1.010048e+00
1.285610e-02 1.008451e+02 1.010048e+00
1.297517e-02 1.062518e+02 1.010048e+00
1.309535e-02 1.119215e+02 1.010048e+00
1.321664e-02 1.178651e+02 1.010048e+00
1.333906e-02 1.240940e+02 1.010048e+00
1.346261e-02 1.306202e+02 1.010049e+00
1.358730e-02 1.374564e+02 1.010049e+00
1.371315e-02 1.446154e+02 1.010049e+00
1.384016e-02 1.521105e+02 1.010049e+00
1.396835e-02 1.599558e+02 1.010049e+00
1.409773e-02 1.681661e+02 1.010049e+00
1.422830e-02 1.767563e+02 1.010049e+00
1.436009e-02 1.857416e+02 1.010049e+00
1.449310e-02 1.951381e+02 1.010049e+00
1.462733e-02 2.049632e+02 1.010049e+00
1.476281e-02 2.152340e+02 1.010049e+00
1.489955e-02 2.259683e+02 1.010049e+00
1.503755e-02 2.371846e+02 1.010049e+00
1.517683e-02 2.489025e+02 1.010049e+00
1.531740e-02 2.611421e+02 1.010049e+00
1.545928e-02 2.739242e+02 1.010049e+00
1.560246e-02 2.872703e+02 1.010050e+00
1.574698e-02 3.012028e+02 1.010050e+00
1.589283e-02 3.157447e+02 1.010050e+00
1.604003e-02 3.309204e+02 1.010050e+00
1.618860e-02 3.467544e+02 1.010050e+00
1.633854e-02 3.632719e+02 1.010050e+00
1.648987e-02 3.804994e+02 1.010050e+00
1.664260e-02 3.984644e+02 1.010050e+00
1.679675e-02 4.171958e+02 1.010050e+00
1.695232e-02 4.367232e+02 1.010050e+00
1.710934e-02 4.570771e+02 1.010050e+00
1.726781e-02 4.782884e+02 1.010050e+00
1.742775e-02 5.003898e+02 1.010050e+00
1.758917e-02 5.234155e+02 1.010050e+00
1.775208e-02 5.474001e+02 1.010050e+00
1.791650e-02 5.723792e+02 1.010050e+00
1.808245e-02 5.983903e+02 1.010050e+00
1.824993e-02 6.254725e+02 1.010050e+00
1.841897e-02 6.536653e+02 1.010050e+00
1.858957e-02 6.830091e+02 1.010050e+00
1.876175e-02 7.135464e+02 1.010050e+00
1.893552e-02 7.453216e+02 1.010050e+00
1.911091e-02 7.783797e+02 1.010050e+00
1.928792e-02 8.127666e+02 1.010050e+00
1.946656e-02 8.485312e+02 1.010050e+00
1.964687e-02 8.857243e+02 1.010050e+00
1.982884e-02 9.243972e+02 1.010050e+00
2.001250e-02 9.646018e+02 1.010050e+00
2.019786e-02 1.006393e+03 1.010050e+00
2.038493e-02 1.049828e+03 1.010050e+00
2.057374e-02 1.094964e+03 1.010050e+00
2.076430e-02 1.141862e+03 1.010050e+00
2.095662e-02 1.190584e+03 1.010050e+00
2.115073e-02 1.241194e+03 1.010050e+00
2.134663e-02 1.293757e+03 1.010050e+00
2.154435e-02 1.348340e+03 1.010050e+00
2.174389e-02 1.405014e+03 1.010050e+00
2.194529e-02 1.463852e+03 1.010050e+00
2.214855e-02 1.524927e+03 1.010050e+00
2.235370e-02 1.588314e+03 1.010050e+00
2.256074e-02 1.654094e+03 1.010050e+00
2.276970e-02 1.722348e+03 1.010050e+00
2.298060e-02 1.793161e+03 1.010050e+00
2.319345e-02 1.866614e+03 1.010050e+00
2.340827e-02 1.942796e+03 1.010050e+00
2.362508e-02 2.021802e+03 1.010050e+00
2.384390e-02 2.103724e+03 1.010050e+00
2.406475e-02 2.188659e+03 1.010050e+00
2.428764e-02 2.276704e+03 1.010050e+00
2.451260e-02 2.367961e+03 1.010050e+00
2.473964e-02 2.462536e+03 1.010050e+00
2.496878e-02 2.560536e+03 1.010050e+00
2.520005e-02 2.662072e+03 1.010050e+00
2.543346e-02 2.767259e+03 1.010050e+00
2.566903e-02 2.876212e+03 1.010050e+00
2.590678e-02 2.989050e+03 1.010050e+00
2.614673e-02 3.105898e+03 1.010050e+00
2.638891e-02 3.226884e+03 1.010050e+00
2.663333e-02 3.352139e+03 1.010050e+00
2.688001e-02 3.481794e+03 1.010050e+00
2.712898e-02 3.615986e+03 1.010050e+00
2.738025e-02 3.754858e+03 1.010050e+00
2.763385e-02 3.898554e+03 1.010050e+00
2.788980e-02 4.047225e+03 1.010050e+00
2.814812e-02 4.201022e+03 1.010050e+00
2.840884e-02 4.360099e+03 1.010050e+00
2.867196e-02 4.524617e+03 1.010050e+00
2.893753e-02 4.694741e+03 1.010050e+00
2.920556e-02 4.870642e+03 1.010050e+00
2.947606e-02 5.052491e+03 1.010050e+00
2.974908e-02 5.240467e+03 1.010050e+00
3.002462e-02 5.434752e+03 1.010050e+00
3.030271e-02 5.635531e+03 1.010050e+00
3.058338e-02 5.842992e+03 1.010050e+00
3.086665e-02 6.057334e+03 1.010050e+00
3.115254e-02 6.278761e+03 1.010050e+00
3.144108e-02 6.507478e+03 1.010050e+00
3.173230e-02 6.743695e+03 1.010050e+00
3.202621e-02 6.987625e+03 1.010050e+00
3.232284e-02 7.239486e+03 1.010050e+00
3.262222e-02 7.499506e+03 1.010050e+00
3.292437e-02 7.767924e+03 1.010050e+00
3.322933e-02 8.044975e+03 1.010050e+00
3.353710e-02 8.330894e+03 1.010050e+00
3.384773e-02 8.625932e+03 1.010050e+00
3.416123e-02 8.930349e+03 1.010050e+00
3.447764e-02 9.244404e+03 1.010050e+00
3.479698e-02 9.568355e+03 1.010050e+00
3.511928e-02 9.902474e+03 1.010050e+00
3.544456e-02 1.024705e+04 1.010050e+00
3.577285e-02 1.060236e+04 1.010050e+00
3.610419e-02 1.096869e+04 1.010050e+00
3.643859e-02 1.134635e+04 1.010050e+00
3.677609e-02 1.173563e+04 1.010050e+00
3.711672e-02 1.213685e+04 1.010050e+00
3.746050e-02 1.255032e+04 1.010050e+00
3.780747e-02 1.297636e+04 1.010050e+00
3.815765e-02 1.341532e+04 1.010050e+00
3.851107e-02 1.386752e+04 1.010050e+00
3.886777e-02 1.433332e+04 1.010050e+00
3.922777e-02 1.481306e+04 1.010050e+00
3.959110e-02 1.530711e+04 1.010050e+00
3.995780e-02 1.581583e+04 1.010050e+00
4.032790e-02 1.633960e+04 1.010050e+00
4.070142e-02 1.687880e+04 1.010050e+00
4.107841e-02 1.743382e+04 1.010050e+00
4.145888e-02 1.800505e+04 1.010050e+00
4.184289e-02 1.859292e+04 1.010050e+00
4.223044e-02 1.919784e+04 1.010050e+00
4.262159e-02 1.982022e+04 1.010050e+00
4.301636e-02 2.046049e+04 1.010050e+00
4.341478e-02 2.111911e+04 1.010050e+00
4.381690e-02 2.179652e+04 1.010050e+00
4.422274e-02 2.249317e+04 1.010050e+00
4.463234e-02 2.320952e+04 1.010050e+00
4.504573e-02 2.394607e+04 1.010050e+00
4.546295e-02 2.470331e+04 1.010050e+00
4.588404e-02 2.548171e+04 1.010050e+00
4.630903e-02 2.628176e+04 1.010050e+00
4.673795e-02 2.710401e+04 1.010050e+00
4.717085e-02 2.794896e+04 1.010050e+00
4.760775e-02 2.881717e+04 1.010050e+00
4.804870e-02 2.970915e+04 1.010050e+00
4.849374e-02 3.062547e+04 1.010050e+00
4.894290e-02 3.156667e+04 1.010050e+00
4.939622e-02 3.253335e+04 1.010050e+00
4.985373e-02 3.352607e+04 1.010050e+00
5.031549e-02 3.454544e+04 1.010050e+00
5.078152e-02 3.559205e+04 1.010050e+00
5.125187e-02 3.666653e+04 1.010050e+00
5.172657e-02 3.776949e+04 1.010050e+00
5.220568e-02 3.890157e+04 1.010050e+00
5.268921e-02 4.006343e+04 1.010050e+00
5.317723e-02 4.125572e+04 1.010050e+00
5.366977e-02 4.247910e+04 1.010050e+00
5.416687e-02 4.373424e+04 1.010050e+00
5.466857e-02 4.502184e+04 1.010050e+00
5.517492e-02 4.634262e+04 1.010050e+00
5.568596e-02 4.769730e+04 1.010050e+00
5.620174e-02 4.908659e+04 1.010050e+00
5.672229e-02 5.051121e+04 1.010050e+00
5.724766e-02 5.197194e+04 1.010050e+00
5.777790e-02 5.346954e+04 1.010050e+00
5.831305e-02 5.500477e+04 1.010050e+00
5.885316e-02 5.657842e+04 1.010050e+00
5.939827e-02 5.819130e+04 1.010050e+00
5.994843e-02 5.984422e+04 1.010050e+00
6.050368e-02 6.153800e+04 1.010050e+00
6.106408e-02 6.327346e+04 1.010050e+00
6.162966e-02 6.505147e+04 1.010050e+00
6.220049e-02 6.687290e+04 1.010050e+00
6.277660e-02 6.873863e+04 1.010050e+00
6.335805e-02 7.064954e+04 1.010050e+00
6.394488e-02 7.260651e+04 1.010050e+00
6.453715e-02 7.461047e+04 1.010050e+00
6.513491e-02 7.666235e+04 1.010050e+00
6.573820e-02 7.876311e+04 1.010050e+00
6.634708e-02 8.091370e+04 1.010050e+00
6.696160e-02 8.311508e+04 1.010050e+00
6.758181e-02 8.536823e+04 1.010050e+00
6.820777e-02 8.767414e+04 1.010050e+00
6.883952e-02 9.003385e+04 1.010050e+00
6.947713e-02 9.244837e+04 1.010050e+00
7.012064e-02 9.491876e+04 1.010050e+00
7.077011e-02 9.744605e+04 1.010050e+00
7.142559e-02 1.000313e+05 1.010050e+00
7.208715e-02 1.026757e+05 1.010050e+00
7.275484e-02 1.053801e+05 1.010050e+00
7.342870e-02 1.081459e+05 1.010050e+00
7.410882e-02 1.109740e+05 1.010050e+00
7.479523e-02 1.138658e+05 1.010050e+00
7.548799e-02 1.168222e+05 1.010050e+00
7.618718e-02 1.198444e+05 1.010050e+00
7.689284e-02 1.229338e+05 1.010050e+00
7.760503e-02 1.260913e+05 1.010050e+00
7.832383e-02 1.293183e+05 1.010050e+00
7.904928e-02 1.326161e+05 1.010050e+00
7.978145e-02 1.359858e+05 1.010050e+00
8.052040e-02 1.394287e+05 1.010050e+00
8.126619e-02 1.429461e+05 1.010050e+00
8.201889e-02 1.465394e+05 1.010050e+00
8.277857e-02 1.502097e+05 1.010050e+00
8.354528e-02 1.539585e+05 1.010050e+00
8.431909e-02 1.577870e+05 1.010050e+00
8.510007e-02 1.616965e+05 1.010050e+00
8.588829e-02 1.656886e+05 1.010050e+00
8.668380e-02 1.697646e+05 1.010050e+00
8.748668e-02 1.739259e+05 1.010050e+00
8.829700e-02 1.781738e+05 1.010050e+00
8.911482e-02 1.825099e+05 1.010050e+00
8.994022e-02 1.869357e+05 1.010050e+00
9.077327e-02 1.914524e+05 1.010050e+00
9.161402e-02 1.960617e+05 1.010050e+00
9.246257e-02 2.007650e+05 1.010050e+00
9.331898e-02 2.055639e+05 1.010050e+00
9.418332e-02 2.104598e+05 1.010050e+00
9.505566e-02 2.154544e+05 1.010050e+00
9.593608e-02 2.205492e+05 1.010050e+00
9.682466e-02 2.257458e+05 1.010050e+00
9.772147e-02 2.310457e+05 1.010050e+00
9.862658e-02 2.364506e+05 1.010050e+00
9.954008e-02 2.419620e+05 1.010050e+00
1.004620e-01 2.475817e+05 1.010050e+00
1.013925e-01 2.533114e+05 1.010050e+00
1.023317e-01 2.591530e+05 1.010050e+00
1.032795e-01 2.651078e+05 1.010050e+00
1.042361e-01 2.711774e+05 1.010050e+00
1.052015e-01 2.773636e+05 1.010050e+00
1.061759e-01 2.836683e+05 1.010050e+00
1.071593e-01 2.900934e+05 1.010050e+00
1.081519e-01 2.966405e+05 1.010050e+00
1.091536e-01 3.033115e+05 1.010050e+00
1.101646e-01 3.101082e+05 1.010050e+00
1.111850e-01 3.170321e+05 1.010050e+00
1.122148e-01 3.240851e+05 1.010050e+00
1.132541e-01 3.312691e+05 1.010050e+00
1.143031e-01 3.385863e+05 1.010050e+00
1.153618e-01 3.460387e+05 1.010050e+00
1.164303e-01 3.536280e+05 1.010050e+00
1.175087e-01 3.613559e+05 1.010050e+00
1.185971e-01 3.692240e+05 1.010050e+00
1.196956e-01 3.772350e+05 1.010050e+00
1.208042e-01 3.853909e+05 1.010050e+00
1.219231e-01 3.936932e+05 1.010050e+00
1.230524e-01 4.021440e+05 1.010050e+00
1.241921e-01 4.107454e+05 1.010050e+00
1.253424e-01 4.194996e+05 1.010050e+00
1.265034e-01 4.284083e+05 1.010050e+00
1.276751e-01 4.374735e+05 1.010050e+00
1.288576e-01 4.466978e+05 1.010050e+00
1.300511e-01 4.560833e+05 1.010050e+00
1.312557e-01 4.656317e+05 1.010050e+00
1.324714e-01 4.753450e+05 1.010050e+00
1.336984e-01 4.852258e+05 1.010050e+00
1.349367e-01 4.952763e+05 1.010050e+00
1.361865e-01 5.054985e+05 1.010050e+00
1.374479e-01 5.158945e+05 1.010050e+00
1.387210e-01 5.264664e+05 1.010050e+00
1.400058e-01 5.372165e+05 1.010050e+00
1.413026e-01 5.481473e+05 1.010050e+00
1.426114e-01 5.592610e+05 1.010050e+00
1.439323e-01 5.705595e+05 1.010050e+00
1.452654e-01 5.820452e+05 1.010050e+00
1.466109e-01 5.937209e+05 1.010050e+00
1.479688e-01 6.055889e+05 1.010050e+00
1.493393e-01 6.176509e+05 1.010050e+00
1.507225e-01 6.299091e+05 1.010050e+00
1.521186e-01 6.423666e+05 1.010050e+00
1.535275e-01 6.550258e+05 1.010050e+00
1.549495e-01 6.678884e+05 1.010050e+00
1.563847e-01 6.809568e+05 1.010050e+00
1.578331e-01 6.942341e+05 1.010050e+00
1.592950e-01 7.077229e+05 1.010050e+00
1.607704e-01 7.214249e+05 1.010050e+00
1.622595e-01 7.353422e+05 1.010050e+00
1.637624e-01 7.494779e+05 1.010050e+00
1.652792e-01 7.638348e+05 1.010050e+00
1.668101e-01 7.784156e+05 1.010050e+00
1.683551e-01 7.932224e+05 1.010050e+00
1.699144e-01 8.082572e+05 1.010050e+00
1.714882e-01 8.235226e+05 1.010050e+00
1.730766e-01 8.390218e+05 1.010050e+00
1.746796e-01 8.547575e+05 1.010050e+00
1.762975e-01 8.707318e+05 1.010050e+00
1.779304e-01 8.869470e+05 1.010050e+00
1.795785e-01 9.034063e+05 1.010050e+00
1.812418e-01 9.201122e+05 1.010050e+00
1.829205e-01 9.370672e+05 1.010050e+00
1.846147e-01 9.542739e+05 1.010050e+00
1.863246e-01 9.717352e+05 1.010050e+00
1.880504e-01 9.894537e+05 1.010050e+00
1.897922e-01 1.007432e+06 1.010050e+00
1.915501e-01 1.025672e+06 1.010050e+00
1.933242e-01 1.044178e+06 1.010050e+00
1.951148e-01 1.062951e+06 1.010050e+00
1.969220e-01 1.081997e+06 1.010050e+00
1.987460e-01 1.101315e+06 1.010050e+00
2.005868e-01 1.120910e+06 1.010050e+00
2.024447e-01 1.140783e+06 1.010050e+00
2.043197e-01 1.160938e+06 1.010050e+00
2.062122e-01 1.181378e+06 1.010050e+00
2.081222e-01 1.202105e+06 1.010050e+00
2.100498e-01 1.223123e+06 1.010050e+00
2.119953e-01 1.244434e+06 1.010050e+00
2.139589e-01 1.266041e+06 1.010050e+00
2.159406e-01 1.287946e+06 1.010050e+00
2.179407e-01 1.310152e+06 1.010050e+00
2.199593e-01 1.332663e+06 1.010050e+00
2.219966e-01 1.355482e+06 1.010050e+00
2.240528e-01 1.378611e+06 1.010050e+00
2.261280e-01 1.402053e+06 1.010050e+00
2.282224e-01 1.425810e+06 1.010050e+00
2.303363e-01 1.449888e+06 1.010050e+00
2.324697e-01 1.474288e+06 1.010050e+00
2.346229e-01 1.499012e+06 1.010050e+00
2.367960e-01 1.524063e+06 1.010050e+00
2.389893e-01 1.549446e+06 1.010050e+00
2.412028e-01 1.575163e+06 1.010050e+00
2.434369e-01 1.601217e+06 1.010050e+00
2.456916e-01 1.627611e+06 1.010050e+00
2.479673e-01 1.654347e+06 1.010050e+00
2.502640e-01 1.681429e+06 1.010050e+00
2.525820e-01 1.708860e+06 1.010050e+00
2.549215e-01 1.736643e+06 1.010050e+00
2.572826e-01 1.764781e+06 1.010050e+00
2.596656e-01 1.793277e+06 1.010050e+00
2.620707e-01 1.822133e+06 1.010050e+00
2.644980e-01 1.851354e+06 1.010050e+00
2.669478e-01 1.880943e+06 1.010050e+00
2.694204e-01 1.910903e+06 1.010050e+00
2.719158e-01 1.941235e+06 1.010050e+00
2.744343e-01 1.971944e+06 1.010050e+00
2.769762e-01 2.003034e+06 1.010050e+00
2.795416e-01 2.034505e+06 1.010050e+00
2.821308e-01 2.066363e+06 1.010050e+00
2.847439e-01 2.098609e+06 1.010050e+00
2.873813e-01 2.131248e+06 1.010050e+00
2.900430e-01 2.164282e+06 1.010050e+00
2.927295e-01 2.197716e+06 1.010050e+00
2.954408e-01 2.231551e+06 1.010050e+00
2.981772e-01 2.265790e+06 1.010050e+00
3.009390e-01 2.300438e+06 1.010050e+00
3.037264e-01 2.335498e+06 1.010050e+00
3.065395e-01 2.370972e+06 1.010050e+00
3.093788e-01 2.406864e+06 1.010050e+00
3.122443e-01 2.443176e+06 1.010050e+00
3.151363e-01 2.479913e+06 1.010050e+00
3.180552e-01 2.517078e+06 1.010050e+00
3.210011e-01 2.554673e+06 1.010050e+00
3.239743e-01 2.592703e+06 1.010050e+00
3.269750e-01 2.631170e+06 1.010050e+00
3.300035e-01 2.670077e+06 1.010050e+00
3.330600e-01 2.709428e+06 1.010050e+00
3.361449e-01 2.749226e+06 1.010050e+00
3.392583e-01 2.789475e+06 1.010050e+00
3.424006e-01 2.830177e+06 1.010050e+00
3.455720e-01 2.871337e+06 1.010050e+00
3.487727e-01 2.912957e+06 1.010050e+00
3.520031e-01 2.955041e+06 1.010050e+00
3.552635e-01 2.997591e+06 1.010050e+00
3.585540e-01 3.040612e+06 1.010050e+00
3.618750e-01 3.084106e+06 1.010050e+00
3.652267e-01 3.128078e+06 1.010050e+00
3.686095e-01 3.172530e+06 1.010050e+00
3.720237e-01 3.217466e+06 1.010050e+00
3.754694e-01 3.262890e+06 1.010050e+00
3.789471e-01 3.308803e+06 1.010050e+00
3.824570e-01 3.355211e+06 1.010050e+00
3.859994e-01 3.402116e+06 1.010050e+00
3.895746e-01 3.449522e+06 1.010050e+00
3.931829e-01 3.497431e+06 1.010050e+00
3.968246e-01 3.545848e+06 1.010050e+00
4.005001e-01 3.594776e+06 1.010050e+00
4.042096e-01 3.644219e+06 1.010050e+00
4.079535e-01 3.694181e+06 1.010050e+00
4.117320e-01 3.744663e+06 1.010050e+00
4.155455e-01 3.795668e+06 1.010050e+00
4.193944e-01 3.847203e+06 1.010050e+00
4.232789e-01 3.899269e+06 1.010050e+00
4.271994e-01 3.951871e+06 1.010050e+00
4.311562e-01 4.005011e+06 1.010050e+00
4.351497e-01 4.058693e+06 1.010050e+00
4.391801e-01 4.112920e+06 1.010050e+00
4.432479e-01 4.167696e+06 1.010050e+00
4.473533e-01 4.223026e+06 1.010050e+00
4.514968e-01 4.278911e+06 1.010050e+00
4.556786e-01 4.335356e+06 1.010050e+00
4.598992e-01 4.392363e+06 1.010050e+00
4.641589e-01 4.449939e+06 1.010050e+00
4.684580e-01 4.508084e+06 1.010050e+00
4.727970e-01 4.566802e+06 1.010050e+00
4.771761e-01 4.626097e+06 1.010050e+00
4.815958e-01 4.685973e+06 1.010050e+00
4.860564e-01 4.746434e+06 1.010050e+00
4.905584e-01 4.807483e+06 1.010050e+00
4.951020e-01 4.869123e+06 1.010050e+00
4.996877e-01 4.931359e+06 1.010050e+00
5.043159e-01 4.994193e+06 1.010050e+00
5.089870e-01 5.057630e+06 1.010050e+00
5.137014e-01 5.121672e+06 1.010050e+00
5.184594e-01 5.186323e+06 1.010050e+00
5.232614e-01 5.251588e+06 1.010050e+00
5.281080e-01 5.317470e+06 1.010050e+00
5.329994e-01 5.383972e+06 1.010050e+00
5.379362e-01 5.451099e+06 1.010050e+00
5.429186e-01 5.518852e+06 1.010050e+00
5.479472e-01 5.587237e+06 1.010050e+00
5.530224e-01 5.656256e+06 1.010050e+00
5.581446e-01 5.725915e+06 1.010050e+00
5.633143e-01 5.796216e+06 1.010050e+00
5.685318e-01 5.867163e+06 1.010050e+00
5.737976e-01 5.938760e+06 1.010050e+00
5.791123e-01 6.011009e+06 1.010050e+00
5.844761e-01 6.083916e+06 1.010050e+00
5.898896e-01 6.157485e+06 1.010050e+00
5.953533e-01 6.231718e+06 1.010050e+00
6.008676e-01 6.306619e+06 1.010050e+00
6.064329e-01 6.382191e+06 1.010050e+00
6.120498e-01 6.458439e+06 1.010050e+00
6.177188e-01 6.535367e+06 1.010050e+00
6.234402e-01 6.612978e+06 1.010050e+00
6.292146e-01 6.691276e+06 1.010050e+00
6.350425e-01 6.770264e+06 1.010050e+00
6.409244e-01 6.849947e+06 1.010050e+00
6.468608e-01 6.930328e+06 1.010050e+00
6.528521e-01 7.011412e+06 1.010050e+00
6.588990e-01 7.093202e+06 1.010050e+00
6.650018e-01 7.175702e+06 1.010050e+00
6.711612e-01 7.258915e+06 1.010050e+00
6.773776e-01 7.342845e+06 1.010050e+00
6.836516e-01 7.427496e+06 1.010050e+00
6.899837e-01 7.512872e+06 1.010050e+00
6.963745e-01 7.598976e+06 1.010050e+00
7.028244e-01 7.685814e+06 1.010050e+00
7.093341e-01 7.773389e+06 1.010050e+00
7.159041e-01 7.861704e+06 1.010050e+00
7.225349e-01 7.950763e+06 1.010050e+00
7.292272e-01 8.040570e+06 1.010050e+00
7.359814e-01 8.131129e+06 1.010050e+00
7.427982e-01 8.222444e+06 1.010050e+00
7.496782e-01 8.314519e+06 1.010050e+00
7.566219e-01 8.407358e+06 1.010050e+00
7.636298e-01 8.500965e+06 1.010050e+00
7.707027e-01 8.595344e+06 1.010050e+00
7.778411e-01 8.690499e+06 1.010050e+00
7.850456e-01 8.786433e+06 1.010050e+00
7.923169e-01 8.883150e+06 1.010050e+00
7.996555e-01 8.980655e+06 1.010050e+00
8.070620e-01 9.078951e+06 1.010050e+00
8.145372e-01 9.178042e+06 1.010050e+00
8.220816e-01 9.277933e+06 1.010050e+00
8.296959e-01 9.378628e+06 1.010050e+00
8.373807e-01 9.480131e+06 1.010050e+00
8.451366e-01 9.582444e+06 1.010050e+00
8.529644e-01 9.685573e+06 1.010050e+00
8.608648e-01 9.789522e+06 1.010050e+00
8.688383e-01 9.894293e+06 1.010050e+00
8.768856e-01 9.999893e+06 1.010050e+00
8.850075e-01 1.010633e+07 1.010050e+00
8.932046e-01 1.021359e+07 1.010050e+00
9.014776e-01 1.032170e+07 1.010050e+00
9.098273e-01 1.043065e+07 1.010050e+00
9.182543e-01 1.054045e+07 1.010050e+00
9.267593e-01 1.065110e+07 1.010050e+00
9.353432e-01 1.076260e+07 1.010050e+00
9.440065e-01 1.087497e+07 1.010050e+00
9.527500e-01 1.098820e+07 1.010050e+00
9.615746e-01 1.110230e+07 1.010050e+00
9.704809e-01 1.121728e+07 1.010050e+00
9.794697e-01 1.133313e+07 1.010050e+00
9.885417e-01 1.144985e+07 1.010050e+00
9.976978e-01 1.156747e+07 1.010050e+00
1.006939e+00 1.168598e+07 1.010050e+00
1.016265e+00 1.180538e+07 1.010050e+00
1.025678e+00 1.192567e+07 1.010050e+00
1.035178e+00 1.204686e+07 1.010050e+00
1.044766e+00 1.216896e+07 1.010050e+00
1.054443e+00 1.229198e+07 1.010050e+00
1.064209e+00 1.241590e+07 1.010050e+00
1.074066e+00 1.254074e+07 1.010050e+00
1.084014e+00 1.266651e+07 1.010050e+00
1.094055e+00 1.279321e+07 1.010050e+00
1.104188e+00 1.292084e+07 1.010050e+00
1.114415e+00 1.304940e+07 1.010050e+00
1.124737e+00 1.317890e+07 1.010050e+00
1.135155e+00 1.330935e+07 1.010050e+00
1.145669e+00 1.344074e+07 1.010050e+00
1.156280e+00 1.357309e+07 1.010050e+00
1.166990e+00 1.370639e+07 1.010050e+00
1.177799e+00 1.384065e+07 1.010050e+00
1.188708e+00 1.397588e+07 1.010050e+00
1.199718e+00 1.411208e+07 1.010050e+00
1.210830e+00 1.424925e+07 1.010050e+00
1.222045e+00 1.438740e+07 1.010050e+00
1.233363e+00 1.452653e+07 1.010050e+00
1.244787e+00 1.466665e+07 1.010050e+00
1.256317e+00 1.480775e+07 1.010050e+00
1.267953e+00 1.494986e+07 1.010050e+00
1.279697e+00 1.509296e+07 1.010050e+00
1.291550e+00 1.523707e+07 1.010050e+00
1.303512e+00 1.538218e+07 1.010050e+00
1.315586e+00 1.552830e+07 1.010050e+00
1.327771e+00 1.567545e+07 1.010050e+00
1.340069e+00 1.582362e+07 1.010050e+00
1.352481e+00 1.597281e+07 1.010050e+00
1.365008e+00 1.612303e+07 1.010050e+00
1.377651e+00 1.627428e+07 1.010050e+00
1.390411e+00 1.642657e+07 1.010050e+00
1.403289e+00 1.657990e+07 1.010050e+00
1.416287e+00 1.673429e+07 1.010050e+00
1.429405e+00 1.688973e+07 1.010050e+00
1.442644e+00 1.704622e+07 1.010050e+00
1.456006e+00 1.720376e+07 1.010050e+00
1.469492e+00 1.736237e+07 1.010050e+00
1.483103e+00 1.752206e+07 1.010050e+00
1.496839e+00 1.768281e+07 1.010050e+00
1.510703e+00 1.784464e+07 1.010050e+00
1.524696e+00 1.800755e+07 1.010050e+00
1.538818e+00 1.817155e+07 1.010050e+00
1.553071e+00 1.833663e+07 1.010050e+00
1.567455e+00 1.850281e+07 1.010050e+00
1.581973e+00 1.867010e+07 1.010050e+00
1.596626e+00 1.883848e+07 1.010050e+00
1.611414e+00 1.900797e+07 1.010050e+00
1.626340e+00 1.917857e+07 1.010050e+00
1.641403e+00 1.935028e+07 1.010050e+00
1.656606e+00 1.952311e+07 1.010050e+00
1.671950e+00 1.969707e+07 1.010050e+00
1.687436e+00 1.987217e+07 1.010050e+00
1.703065e+00 2.004839e+07 1.010050e+00
1.718839e+00 2.022575e+07 1.010050e+00
1.734759e+00 2.040425e+07 1.010050e+00
1.750827e+00 2.058390e+07 1.010050e+00
1.767044e+00 2.076469e+07 1.010050e+00
1.783410e+00 2.094664e+07 1.010050e+00
1.799929e+00 2.112975e+07 1.010050e+00
1.816600e+00 2.131402e+07 1.010050e+00
1.833425e+00 2.149945e+07 1.010050e+00
1.850407e+00 2.168606e+07 1.010050e+00
1.867546e+00 2.187385e+07 1.010050e+00
1.884843e+00 2.206281e+07 1.010050e+00
1.902301e+00 2.225296e+07 1.010050e+00
1.919921e+00 2.244429e+07 1.010050e+00
1.937703e+00 2.263681e+07 1.010050e+00
1.955651e+00 2.283054e+07 1.010050e+00
1.973764e+00 2.302546e+07 1.010050e+00
1.992046e+00 2.322159e+07 1.010050e+00
2.010496e+00 2.341892e+07 1.010050e+00
2.029118e+00 2.361746e+07 1.010050e+00
2.047912e+00 2.381722e+07 1.010050e+00
2.066880e+00 2.401820e+07 1.010050e+00
2.086024e+00 2.422042e+07 1.010050e+00
2.105345e+00 2.442386e+07 1.010050e+00
2.124845e+00 2.462853e+07 1.010050e+00
2.144526e+00 2.483443e+07 1.010050e+00
2.164389e+00 2.504158e+07 1.010050e+00
2.184436e+00 2.524997e+07 1.010050e+00
2.204669e+00 2.545962e+07 1.010050e+00
2.225089e+00 2.567051e+07 1.010050e+00
2.245698e+00 2.588266e+07 1.010050e+00
2.266498e+00 2.609608e+07 1.010050e+00
2.287491e+00 2.631075e+07 1.010050e+00
2.308678e+00 2.652670e+07 1.010050e+00
2.330061e+00 2.674391e+07 1.010050e+00
2.351643e+00 2.696241e+07 1.010050e+00
2.373424e+00 2.718218e+07 1.010050e+00
2.395407e+00 2.740324e+07 1.010050e+00
2.417594e+00 2.762559e+07 1.010050e+00
2.439986e+00 2.784923e+07 1.010050e+00
2.462586e+00 2.807417e+07 1.010050e+00
2.485395e+00 2.830040e+07 1.010050e+00
2.508415e+00 2.852794e+07 1.010050e+00
2.531648e+00 2.875679e+07 1.010050e+00
2.555097e+00 2.898695e+07 1.010050e+00
2.578763e+00 2.921842e+07 1.010050e+00
2.602648e+00 2.945122e+07 1.010050e+00
2.626754e+00 2.968533e+07 1.010050e+00
2.651084e+00 2.992078e+07 1.010050e+00
2.675638e+00 3.015755e+07 1.010050e+00
2.700421e+00 3.039566e+07 1.010050e+00
2.725433e+00 3.063511e+07 1.010050e+00
2.750676e+00 3.087590e+07 1.010050e+00
2.776153e+00 3.111803e+07 1.010050e+00
2.801867e+00 3.136152e+07 1.010050e+00
2.827818e+00 3.160636e+07 1.010050e+00
2.854010e+00 3.185255e+07 1.010050e+00
2.880444e+00 3.210010e+07 1.010050e+00
2.907123e+00 3.234902e+07 1.010050e+00
2.934050e+00 3.259930e+07 1.010050e+00
2.961225e+00 3.285096e+07 1.010050e+00
2.988653e+00 3.310400e+07 1.010050e+00
3.016334e+00 3.335842e+07 1.010050e+00
3.044272e+00 3.361422e+07 1.010050e+00
3.072469e+00 3.387141e+07 1.010050e+00
3.100927e+00 3.412999e+07 1.010050e+00
3.129648e+00 3.438996e+07 1.010050e+00
3.158635e+00 3.465134e+07 1.010050e+00
3.187891e+00 3.491411e+07 1.010050e+00
3.217418e+00 3.517830e+07 1.010050e+00
3.247218e+00 3.544389e+07 1.010050e+00
3.277295e+00 3.571090e+07 1.010050e+00
3.307650e+00 3.597933e+07 1.010050e+00
3.338286e+00 3.624918e+07 1.010050e+00
3.369206e+00 3.652046e+07 1.010050e+00
3.400412e+00 3.679317e+07 1.010050e+00
3.431907e+00 3.706732e+07 1.010050e+00
3.463694e+00 3.734290e+07 1.010050e+00
3.495776e+00 3.761994e+07 1.010050e+00
3.528154e+00 3.789843e+07 1.010050e+00
3.560833e+00 3.817834e+07 1.010050e+00
3.593814e+00 3.845968e+07 1.010050e+00
3.627100e+00 3.874261e+07 1.010050e+00
3.660695e+00 3.902712e+07 1.010050e+00
3.694601e+00 3.931261e+07 1.010050e+00
3.728821e+00 3.959912e+07 1.010050e+00
3.763358e+00 3.988899e+07 1.010050e+00
3.798215e+00 4.018208e+07 1.010050e+00
3.833395e+00 4.046957e+07 1.010050e+00
3.868901e+00 4.075194e+07 1.010050e+00
3.904735e+00 4.106257e+07 1.010050e+00
3.940902e+00 4.139994e+07 1.010050e+00
3.977403e+00 4.163769e+07 1.010050e+00
4.014242e+00 4.168880e+07 1.010050e+00
4.051423e+00 4.165931e+07 1.010050e+00
4.088948e+00 4.165360e+07 1.010050e+00
4.126821e+00 4.166245e+07 1.010050e+00
4.165044e+00 4.166400e+07 1.010050e+00
4.203622e+00 4.166163e+07 1.010050e+00
4.242556e+00 4.166121e+07 1.010050e+00
4.281852e+00 4.166185e+07 1.010050e+00
4.321511e+00 4.166196e+07 1.010050e+00
4.361538e+00 4.166179e+07 1.010050e+00
4.401935e+00 4.166176e+07 1.010050e+00
4.442707e+00 4.166180e+07 1.010050e+00
4.483856e+00 4.166181e+07 1.010050e+00
4.525386e+00 4.166180e+07 1.010050e+00
4.567301e+00 4.166180e+07 1.010050e+00
4.609604e+00 4.166180e+07 1.010050e+00
4.652300e+00 4.166180e+07 1.010050e+00
4.695390e+00 4.166180e+07 1.010050e+00
4.738880e+00 4.166180e+07 1.010050e+00
4.782772e+00 4.166180e+07 1.010050e+00
4.827071e+00 4.166180e+07 1.010050e+00
4.871780e+00 4.166180e+07 1.010050e+00
4.916904e+00 4.166180e+07 1.010050e+00
4.962445e+00 4.166180e+07 1.010050e+00
5.008408e+00 4.166180e+07 1.010050e+00
5.054797e+00 4.166180e+07 1.010050e+00
5.101615e+00 4.166180e+07 1.010050e+00
5.148867e+00 4.166180e+07 1.010050e+00
5.196557e+00 4.166180e+07 1.010050e+00
5.244689e+00 4.166180e+07 1.010050e+00
5.293266e+00 4.166180e+07 1.010050e+00
5.342293e+00 4.166180e+07 1.010050e+00
5.391775e+00 4.166180e+07 1.010050e+00
5.441714e+00 4.166180e+07 1.010050e+00
5.492116e+00 4.166180e+07 1.010050e+00
5.542986e+00 4.166180e+07 1.010050e+00
5.594326e+00 4.166180e+07 1.010050e+00
5.646141e+00 4.166180e+07 1.010050e+00
5.698437e+00 4.166180e+07 1.010050e+00
5.751217e+00 4.166180e+07 1.010050e+00
5.804486e+00 4.166180e+07 1.010050e+00
5.858248e+00 4.166180e+07 1.010050e+00
5.912508e+00 4.166180e+07 1.010050e+00
5.967271e+00 4.166180e+07 1.010050e+00
6.022541e+00 4.166180e+07 1.010050e+00
6.078323e+00 4.166180e+07 1.010050e+00
6.134622e+00 4.166180e+07 1.010050e+00
6.191442e+00 4.166180e+07 1.010050e+00
6.248788e+00 4.166180e+07 1.010050e+00
6.306666e+00 4.166180e+07 1.010050e+00
6.365079e+00 4.166180e+07 1.010050e+00
6.424034e+00 4.166180e+07 1.010050e+00
6.483534e+00 4.166180e+07 1.010050e+00
6.543586e+00 4.166180e+07 1.010050e+00
6.604194e+00 4.166180e+07 1.010050e+00
6.665363e+00 4.166180e+07 1.010050e+00
6.727099e+00 4.166180e+07 1.010050e+00
6.789407e+00 4.166180e+07 1.010050e+00
6.852292e+00 4.166180e+07 1.010050e+00
6.915759e+00 4.166180e+07 1.010050e+00
6.979814e+00 4.166180e+07 1.010050e+00
7.044462e+00 4.166180e+07 1.010050e+00
7.109709e+00 4.166180e+07 1.010050e+00
7.175561e+00 4.166180e+07 1.010050e+00
7.242022e+00 4.166180e+07 1.010050e+00
7.309099e+00 4.166180e+07 1.010050e+00
7.376798e+00 4.166180e+07 1.010050e+00
7.445123e+00 4.166180e+07 1.010050e+00
7.514081e+00 4.166180e+07 1.010050e+00
7.583678e+00 4.166180e+07 1.010050e+00
7.653919e+00 4.166180e+07 1.010050e+00
7.724811e+00 4.166180e+07 1.010050e+00
7.796360e+00 4.166180e+07 1.010050e+00
7.868572e+00 4.166180e+07 1.010050e+00
7.941452e+00 4.166180e+07 1.010050e+00
8.015007e+00 4.166180e+07 1.010050e+00
8.089243e+00 4.166180e+07 1.010050e+00
8.164168e+00 4.166180e+07 1.010050e+00
8.239786e+00 4.166180e+07 1.010050e+00
8.316104e+00 4.166180e+07 1.010050e+00
8.393129e+00 4.166180e+07 1.010050e+00
8.470868e+00 4.166180e+07 1.010050e+00
8.549327e+00 4.166180e+07 1.010050e+00
8.628513e+00 4.166180e+07 1.010050e+00
8.708431e+00 4.166180e+07 1.010050e+00
8.789091e+00 4.166180e+07 1.010050e+00
8.870497e+00 4.166180e+07 1.010050e+00
8.952657e+00 4.166180e+07 1.010050e+00
9.035578e+00 4.166180e+07 1.010050e+00
9.119268e+00 4.166180e+07 1.010050e+00
9.203732e+00 4.166180e+07 1.010050e+00
9.288979e+00 4.166180e+07 1.010050e+00
9.375015e+00 4.166180e+07 1.010050e+00
9.461848e+00 4.166180e+07 1.010050e+00
9.549486e+00 4.166180e+07 1.010050e+00
9.637935e+00 4.166180e+07 1.010050e+00
9.727203e+00 4.166180e+07 1.010050e+00
9.817298e+00 4.166180e+07 1.010050e+00
9.908228e+00 4.166180e+07 1.010050e+00
1.000000e+01 4.166180e+07 1.010050e+00
