# d + p > He3 + g   [d_p__He3_g]   ref=Parthenope3.0 (Pisanti et al 2020 (PIS2020, default))
# Forward rate N_A<sigma v> [cm^3 mol^-1 s^-1] extracted from
# parthenope3.0.f (default PIS2020 nuclear-rate selection).
# error column = sqrt((1+drate_up)/(1+drate_lo)), the full Parthenope
# 1-sigma multiplicative envelope (statistical fp/fm + systematic floor).
# NOTE: lowest 47 T9 points (below the fit validity floor, where
#   the published polynomial extrapolates non-physically) are filled by
#   log-log extrapolation; this region is dynamically frozen for BBN.
# T9                 rate                error
1.000000e-03 2.947492e-21 1.031496e+00
1.009262e-03 4.210664e-21 1.031496e+00
1.018610e-03 6.015223e-21 1.031496e+00
1.028045e-03 8.593163e-21 1.031496e+00
1.037567e-03 1.227585e-20 1.031496e+00
1.047177e-03 1.753662e-20 1.031496e+00
1.056876e-03 2.505203e-20 1.031496e+00
1.066665e-03 3.578883e-20 1.031496e+00
1.076545e-03 5.112721e-20 1.031496e+00
1.086516e-03 7.303798e-20 1.031496e+00
1.096579e-03 1.043380e-19 1.031496e+00
1.106736e-03 1.490527e-19 1.031496e+00
1.116987e-03 2.129326e-19 1.031496e+00
1.127333e-03 3.041921e-19 1.031496e+00
1.137774e-03 4.345612e-19 1.031496e+00
1.148312e-03 6.207926e-19 1.031496e+00
1.158948e-03 8.868300e-19 1.031496e+00
1.169683e-03 1.266891e-18 1.031496e+00
1.180517e-03 1.809850e-18 1.031496e+00
1.191451e-03 2.585518e-18 1.031496e+00
1.202486e-03 3.693591e-18 1.031496e+00
1.213624e-03 5.276463e-18 1.031496e+00
1.224865e-03 7.537678e-18 1.031496e+00
1.236210e-03 1.076813e-17 1.031496e+00
1.247660e-03 1.538314e-17 1.031496e+00
1.259216e-03 2.197580e-17 1.031496e+00
1.270879e-03 3.139363e-17 1.031496e+00
1.282650e-03 4.484766e-17 1.031496e+00
1.294530e-03 6.406768e-17 1.031496e+00
1.306520e-03 9.152470e-17 1.031496e+00
1.318621e-03 1.307490e-16 1.031496e+00
1.330835e-03 1.867842e-16 1.031496e+00
1.343161e-03 2.668349e-16 1.031496e+00
1.355602e-03 3.811924e-16 1.031496e+00
1.368158e-03 5.445570e-16 1.031496e+00
1.380830e-03 7.779275e-16 1.031496e+00
1.393619e-03 1.111310e-15 1.031496e+00
1.406527e-03 1.587581e-15 1.031496e+00
1.419555e-03 2.267976e-15 1.031496e+00
1.432703e-03 3.239961e-15 1.031496e+00
1.445973e-03 4.628492e-15 1.031496e+00
1.459366e-03 6.612090e-15 1.031496e+00
1.472883e-03 9.445789e-15 1.031496e+00
1.486525e-03 1.349393e-14 1.031496e+00
1.500293e-03 1.927689e-14 1.031496e+00
1.514189e-03 2.753801e-14 1.031496e+00
1.528214e-03 3.933948e-14 1.031496e+00
1.542369e-03 5.619899e-14 1.031496e+00
1.556654e-03 8.028411e-14 1.031496e+00
1.571072e-03 1.146907e-13 1.031496e+00
1.585624e-03 1.638424e-13 1.031496e+00
1.600310e-03 2.340592e-13 1.031496e+00
1.615133e-03 3.343702e-13 1.031496e+00
1.630092e-03 4.776741e-13 1.031496e+00
1.645191e-03 6.823931e-13 1.031496e+00
1.660429e-03 9.748395e-13 1.031496e+00
1.675808e-03 1.392609e-12 1.031496e+00
1.691330e-03 1.989418e-12 1.031496e+00
1.706995e-03 2.842011e-12 1.031496e+00
1.722805e-03 4.060026e-12 1.031496e+00
1.738762e-03 5.800042e-12 1.031496e+00
1.754867e-03 8.285687e-12 1.031496e+00
1.771121e-03 1.183653e-11 1.031496e+00
1.787526e-03 1.690920e-11 1.031496e+00
1.804082e-03 2.415594e-11 1.031496e+00
1.820792e-03 3.450842e-11 1.031496e+00
1.837656e-03 4.929744e-11 1.031496e+00
1.854677e-03 7.042411e-11 1.031496e+00
1.871855e-03 1.006049e-10 1.031496e+00
1.889193e-03 1.437214e-10 1.031496e+00
1.906691e-03 2.053168e-10 1.031496e+00
1.924351e-03 2.933081e-10 1.031496e+00
1.942175e-03 4.190072e-10 1.031496e+00
1.960163e-03 5.985763e-10 1.031496e+00
1.978319e-03 8.551039e-10 1.031496e+00
1.996642e-03 1.221573e-09 1.031496e+00
2.015136e-03 1.745100e-09 1.031496e+00
2.033800e-03 2.492995e-09 1.031496e+00
2.052638e-03 3.561411e-09 1.031496e+00
2.071650e-03 5.087710e-09 1.031496e+00
2.090838e-03 7.268123e-09 1.031496e+00
2.110203e-03 1.038298e-08 1.031496e+00
2.129749e-03 1.483274e-08 1.031496e+00
2.149475e-03 2.118948e-08 1.031496e+00
2.169384e-03 3.027014e-08 1.031496e+00
2.189477e-03 4.324180e-08 1.031496e+00
2.209756e-03 6.177540e-08 1.031496e+00
2.230223e-03 8.825952e-08 1.031496e+00
2.250880e-03 1.260738e-07 1.031496e+00
2.271728e-03 1.800300e-07 1.031496e+00
2.292769e-03 2.572584e-07 1.031496e+00
2.314005e-03 3.680827e-07 1.031496e+00
2.335438e-03 5.252814e-07 1.031496e+00
2.357069e-03 7.460440e-07 1.031496e+00
2.378901e-03 1.069860e-06 1.031496e+00
2.400935e-03 1.561898e-06 1.031496e+00
2.423173e-03 2.199933e-06 1.031496e+00
2.445617e-03 2.819412e-06 1.031496e+00
2.468268e-03 3.371280e-06 1.031496e+00
2.491130e-03 3.937915e-06 1.031496e+00
2.514203e-03 4.530757e-06 1.031496e+00
2.537490e-03 5.118517e-06 1.031496e+00
2.560993e-03 5.696433e-06 1.031496e+00
2.584714e-03 6.275641e-06 1.031496e+00
2.608654e-03 6.856401e-06 1.031496e+00
2.632815e-03 7.434848e-06 1.031496e+00
2.657201e-03 8.010005e-06 1.031496e+00
2.681813e-03 8.582777e-06 1.031496e+00
2.706652e-03 9.152662e-06 1.031496e+00
2.731722e-03 9.718984e-06 1.031496e+00
2.757023e-03 1.028118e-05 1.031496e+00
2.782559e-03 1.083900e-05 1.031496e+00
2.808332e-03 1.139195e-05 1.031496e+00
2.834343e-03 1.193965e-05 1.031496e+00
2.860596e-03 1.248162e-05 1.031496e+00
2.887091e-03 1.301755e-05 1.031496e+00
2.913832e-03 1.354699e-05 1.031496e+00
2.940820e-03 1.406959e-05 1.031496e+00
2.968059e-03 1.458495e-05 1.031496e+00
2.995549e-03 1.509277e-05 1.031496e+00
3.023295e-03 1.559269e-05 1.031496e+00
3.051297e-03 1.608440e-05 1.031496e+00
3.079559e-03 1.656759e-05 1.031496e+00
3.108082e-03 1.704200e-05 1.031496e+00
3.136870e-03 1.750736e-05 1.031496e+00
3.165924e-03 1.796347e-05 1.031496e+00
3.195248e-03 1.841011e-05 1.031496e+00
3.224842e-03 1.884711e-05 1.031496e+00
3.254712e-03 1.927432e-05 1.031496e+00
3.284857e-03 1.969162e-05 1.031496e+00
3.315282e-03 2.009892e-05 1.031496e+00
3.345989e-03 2.049620e-05 1.031496e+00
3.376980e-03 2.088344e-05 1.031496e+00
3.408259e-03 2.126067e-05 1.031496e+00
3.439826e-03 2.162796e-05 1.031496e+00
3.471687e-03 2.198542e-05 1.031496e+00
3.503842e-03 2.233322e-05 1.031496e+00
3.536296e-03 2.267158e-05 1.031496e+00
3.569049e-03 2.300076e-05 1.031496e+00
3.602107e-03 2.332107e-05 1.031496e+00
3.635470e-03 2.363288e-05 1.031496e+00
3.669142e-03 2.393665e-05 1.031496e+00
3.703127e-03 2.423286e-05 1.031496e+00
3.737426e-03 2.452208e-05 1.031496e+00
3.772042e-03 2.480494e-05 1.031496e+00
3.806980e-03 2.508214e-05 1.031496e+00
3.842241e-03 2.535448e-05 1.031496e+00
3.877828e-03 2.562281e-05 1.031496e+00
3.913746e-03 2.588807e-05 1.031496e+00
3.949995e-03 2.615130e-05 1.031496e+00
3.986581e-03 2.641363e-05 1.031496e+00
4.023506e-03 2.667625e-05 1.031496e+00
4.060772e-03 2.694050e-05 1.031496e+00
4.098384e-03 2.720780e-05 1.031496e+00
4.136344e-03 2.747967e-05 1.031496e+00
4.174655e-03 2.775776e-05 1.031496e+00
4.213322e-03 2.804382e-05 1.031496e+00
4.252346e-03 2.833975e-05 1.031496e+00
4.291732e-03 2.864755e-05 1.031496e+00
4.331483e-03 2.896937e-05 1.031496e+00
4.371602e-03 2.930751e-05 1.031496e+00
4.412093e-03 2.966439e-05 1.031496e+00
4.452959e-03 3.004260e-05 1.031496e+00
4.494203e-03 3.044488e-05 1.031496e+00
4.535829e-03 3.087415e-05 1.031496e+00
4.577841e-03 3.133349e-05 1.031496e+00
4.620241e-03 3.182615e-05 1.031496e+00
4.663035e-03 3.235560e-05 1.031496e+00
4.706225e-03 3.292548e-05 1.031496e+00
4.749815e-03 3.353967e-05 1.031496e+00
4.793808e-03 3.420220e-05 1.031496e+00
4.838210e-03 3.491738e-05 1.031496e+00
4.883022e-03 3.568972e-05 1.031496e+00
4.928250e-03 3.652397e-05 1.031496e+00
4.973896e-03 3.742514e-05 1.031496e+00
5.019965e-03 3.839855e-05 1.031496e+00
5.066461e-03 3.944970e-05 1.031496e+00
5.113388e-03 4.058445e-05 1.031496e+00
5.160749e-03 4.180889e-05 1.031496e+00
5.208549e-03 4.312949e-05 1.031496e+00
5.256791e-03 4.455300e-05 1.031496e+00
5.305481e-03 4.608653e-05 1.031496e+00
5.354621e-03 4.773751e-05 1.031496e+00
5.404216e-03 4.951377e-05 1.031496e+00
5.454271e-03 5.142345e-05 1.031496e+00
5.504790e-03 5.347517e-05 1.031496e+00
5.555776e-03 5.567791e-05 1.031496e+00
5.607235e-03 5.804114e-05 1.031496e+00
5.659170e-03 6.057470e-05 1.031496e+00
5.711586e-03 6.328893e-05 1.031496e+00
5.764488e-03 6.619466e-05 1.031496e+00
5.817880e-03 6.930323e-05 1.031496e+00
5.871766e-03 7.262648e-05 1.031496e+00
5.926152e-03 7.617680e-05 1.031496e+00
5.981041e-03 7.996720e-05 1.031496e+00
6.036439e-03 8.401128e-05 1.031496e+00
6.092349e-03 8.832324e-05 1.031496e+00
6.148778e-03 9.291785e-05 1.031496e+00
6.205729e-03 9.781065e-05 1.031496e+00
6.263207e-03 1.030178e-04 1.031496e+00
6.321218e-03 1.085564e-04 1.031496e+00
6.379767e-03 1.144440e-04 1.031496e+00
6.438857e-03 1.206991e-04 1.031496e+00
6.498495e-03 1.273411e-04 1.031496e+00
6.558686e-03 1.343901e-04 1.031496e+00
6.619433e-03 1.418671e-04 1.031496e+00
6.680744e-03 1.497942e-04 1.031496e+00
6.742622e-03 1.581943e-04 1.031496e+00
6.805074e-03 1.670914e-04 1.031496e+00
6.868104e-03 1.765103e-04 1.031496e+00
6.931717e-03 1.864773e-04 1.031496e+00
6.995920e-03 1.970195e-04 1.031496e+00
7.060718e-03 2.081653e-04 1.031496e+00
7.126115e-03 2.199443e-04 1.031496e+00
7.192119e-03 2.323874e-04 1.031496e+00
7.258734e-03 2.455266e-04 1.031496e+00
7.325965e-03 2.593957e-04 1.031496e+00
7.393820e-03 2.740296e-04 1.031496e+00
7.462303e-03 2.894647e-04 1.031496e+00
7.531420e-03 3.057389e-04 1.031496e+00
7.601178e-03 3.228920e-04 1.031496e+00
7.671581e-03 3.409653e-04 1.031496e+00
7.742637e-03 3.600017e-04 1.031496e+00
7.814351e-03 3.800460e-04 1.031496e+00
7.886729e-03 4.011446e-04 1.031496e+00
7.959777e-03 4.233464e-04 1.031496e+00
8.033502e-03 4.467019e-04 1.031496e+00
8.107910e-03 4.712635e-04 1.031496e+00
8.183007e-03 4.970862e-04 1.031496e+00
8.258799e-03 5.242272e-04 1.031496e+00
8.335294e-03 5.527457e-04 1.031496e+00
8.412497e-03 5.827034e-04 1.031496e+00
8.490415e-03 6.141645e-04 1.031496e+00
8.569055e-03 6.471963e-04 1.031496e+00
8.648423e-03 6.818681e-04 1.031496e+00
8.728527e-03 7.182523e-04 1.031496e+00
8.809372e-03 7.564240e-04 1.031496e+00
8.890966e-03 7.964616e-04 1.031496e+00
8.973316e-03 8.384463e-04 1.031496e+00
9.056428e-03 8.824630e-04 1.031496e+00
9.140311e-03 9.285993e-04 1.031496e+00
9.224970e-03 9.769464e-04 1.031496e+00
9.310413e-03 1.027599e-03 1.031496e+00
9.396648e-03 1.080656e-03 1.031496e+00
9.483682e-03 1.136221e-03 1.031496e+00
9.571522e-03 1.194398e-03 1.031496e+00
9.660175e-03 1.255300e-03 1.031496e+00
9.749649e-03 1.319039e-03 1.031496e+00
9.839952e-03 1.385736e-03 1.031496e+00
9.931092e-03 1.455514e-03 1.031496e+00
1.002308e-02 1.528503e-03 1.031496e+00
1.011591e-02 1.604835e-03 1.031496e+00
1.020961e-02 1.684648e-03 1.031496e+00
1.030417e-02 1.768083e-03 1.031496e+00
1.039961e-02 1.855292e-03 1.031496e+00
1.049593e-02 1.946429e-03 1.031496e+00
1.059315e-02 2.041653e-03 1.031496e+00
1.069126e-02 2.141131e-03 1.031496e+00
1.079029e-02 2.245033e-03 1.031496e+00
1.089023e-02 2.353540e-03 1.031496e+00
1.099110e-02 2.466839e-03 1.031496e+00
1.109290e-02 2.585120e-03 1.031496e+00
1.119564e-02 2.708580e-03 1.031496e+00
1.129934e-02 2.837424e-03 1.031496e+00
1.140400e-02 2.971863e-03 1.031496e+00
1.150962e-02 3.112118e-03 1.031496e+00
1.161623e-02 3.258419e-03 1.031496e+00
1.172382e-02 3.411008e-03 1.031496e+00
1.183241e-02 3.570130e-03 1.031496e+00
1.194200e-02 3.736035e-03 1.031496e+00
1.205261e-02 3.908985e-03 1.031496e+00
1.216424e-02 4.089251e-03 1.031496e+00
1.227691e-02 4.277115e-03 1.031496e+00
1.239062e-02 4.472871e-03 1.031496e+00
1.250539e-02 4.676819e-03 1.031496e+00
1.262121e-02 4.889273e-03 1.031496e+00
1.273811e-02 5.110549e-03 1.031496e+00
1.285610e-02 5.340976e-03 1.031496e+00
1.297517e-02 5.580902e-03 1.031496e+00
1.309535e-02 5.830694e-03 1.031496e+00
1.321664e-02 6.090719e-03 1.031496e+00
1.333906e-02 6.361346e-03 1.031496e+00
1.346261e-02 6.642966e-03 1.031496e+00
1.358730e-02 6.935992e-03 1.031496e+00
1.371315e-02 7.240841e-03 1.031496e+00
1.384016e-02 7.557940e-03 1.031496e+00
1.396835e-02 7.887742e-03 1.031496e+00
1.409773e-02 8.230722e-03 1.031496e+00
1.422830e-02 8.587352e-03 1.031496e+00
1.436009e-02 8.958106e-03 1.031496e+00
1.449310e-02 9.343497e-03 1.031496e+00
1.462733e-02 9.744066e-03 1.031496e+00
1.476281e-02 1.016035e-02 1.031496e+00
1.489955e-02 1.059290e-02 1.031496e+00
1.503755e-02 1.104229e-02 1.031496e+00
1.517683e-02 1.150911e-02 1.031496e+00
1.531740e-02 1.199398e-02 1.031496e+00
1.545928e-02 1.249754e-02 1.031496e+00
1.560246e-02 1.302043e-02 1.031496e+00
1.574698e-02 1.356333e-02 1.031496e+00
1.589283e-02 1.412692e-02 1.031496e+00
1.604003e-02 1.471194e-02 1.031496e+00
1.618860e-02 1.531911e-02 1.031496e+00
1.633854e-02 1.594918e-02 1.031496e+00
1.648987e-02 1.660292e-02 1.031496e+00
1.664260e-02 1.728113e-02 1.031496e+00
1.679675e-02 1.798465e-02 1.031496e+00
1.695232e-02 1.871437e-02 1.031496e+00
1.710934e-02 1.947114e-02 1.031496e+00
1.726781e-02 2.025584e-02 1.031496e+00
1.742775e-02 2.106942e-02 1.031496e+00
1.758917e-02 2.191285e-02 1.031496e+00
1.775208e-02 2.278712e-02 1.031496e+00
1.791650e-02 2.369321e-02 1.031496e+00
1.808245e-02 2.463218e-02 1.031496e+00
1.824993e-02 2.560512e-02 1.031496e+00
1.841897e-02 2.661314e-02 1.031496e+00
1.858957e-02 2.765734e-02 1.031496e+00
1.876175e-02 2.873889e-02 1.031496e+00
1.893552e-02 2.985901e-02 1.031496e+00
1.911091e-02 3.101894e-02 1.031496e+00
1.928792e-02 3.221990e-02 1.031496e+00
1.946656e-02 3.346323e-02 1.031496e+00
1.964687e-02 3.475030e-02 1.031496e+00
1.982884e-02 3.608249e-02 1.031496e+00
2.001250e-02 3.746117e-02 1.031496e+00
2.019786e-02 3.888780e-02 1.031496e+00
2.038493e-02 4.036389e-02 1.031496e+00
2.057374e-02 4.189099e-02 1.031496e+00
2.076430e-02 4.347065e-02 1.031496e+00
2.095662e-02 4.510450e-02 1.031496e+00
2.115073e-02 4.679421e-02 1.031496e+00
2.134663e-02 4.854146e-02 1.031496e+00
2.154435e-02 5.034800e-02 1.031496e+00
2.174389e-02 5.221564e-02 1.031496e+00
2.194529e-02 5.414622e-02 1.031496e+00
2.214855e-02 5.614164e-02 1.031496e+00
2.235370e-02 5.820382e-02 1.031496e+00
2.256074e-02 6.033479e-02 1.031496e+00
2.276970e-02 6.253661e-02 1.031496e+00
2.298060e-02 6.481135e-02 1.031496e+00
2.319345e-02 6.716109e-02 1.031496e+00
2.340827e-02 6.958805e-02 1.031496e+00
2.362508e-02 7.209456e-02 1.031496e+00
2.384390e-02 7.468296e-02 1.031496e+00
2.406475e-02 7.735556e-02 1.031496e+00
2.428764e-02 8.011479e-02 1.031496e+00
2.451260e-02 8.296317e-02 1.031496e+00
2.473964e-02 8.590325e-02 1.031496e+00
2.496878e-02 8.893762e-02 1.031496e+00
2.520005e-02 9.206898e-02 1.031496e+00
2.543346e-02 9.530009e-02 1.031496e+00
2.566903e-02 9.863378e-02 1.031496e+00
2.590678e-02 1.020729e-01 1.031496e+00
2.614673e-02 1.056203e-01 1.031496e+00
2.638891e-02 1.092793e-01 1.031496e+00
2.663333e-02 1.130527e-01 1.031496e+00
2.688001e-02 1.169438e-01 1.031496e+00
2.712898e-02 1.209558e-01 1.031496e+00
2.738025e-02 1.250920e-01 1.031496e+00
2.763385e-02 1.293560e-01 1.031496e+00
2.788980e-02 1.337510e-01 1.031496e+00
2.814812e-02 1.382808e-01 1.031496e+00
2.840884e-02 1.429488e-01 1.031496e+00
2.867196e-02 1.477589e-01 1.031496e+00
2.893753e-02 1.527147e-01 1.031496e+00
2.920556e-02 1.578204e-01 1.031496e+00
2.947606e-02 1.630798e-01 1.031496e+00
2.974908e-02 1.684970e-01 1.031496e+00
3.002462e-02 1.740762e-01 1.031496e+00
3.030271e-02 1.798216e-01 1.031496e+00
3.058338e-02 1.857374e-01 1.031496e+00
3.086665e-02 1.918283e-01 1.031496e+00
3.115254e-02 1.980988e-01 1.031496e+00
3.144108e-02 2.045536e-01 1.031496e+00
3.173230e-02 2.111973e-01 1.031496e+00
3.202621e-02 2.180349e-01 1.031496e+00
3.232284e-02 2.250711e-01 1.031496e+00
3.262222e-02 2.323111e-01 1.031496e+00
3.292437e-02 2.397603e-01 1.031496e+00
3.322933e-02 2.474238e-01 1.031496e+00
3.353710e-02 2.553069e-01 1.031496e+00
3.384773e-02 2.634152e-01 1.031496e+00
3.416123e-02 2.717545e-01 1.031496e+00
3.447764e-02 2.803304e-01 1.031496e+00
3.479698e-02 2.891487e-01 1.031496e+00
3.511928e-02 2.982152e-01 1.031496e+00
3.544456e-02 3.075365e-01 1.031496e+00
3.577285e-02 3.171186e-01 1.031496e+00
3.610419e-02 3.269677e-01 1.031496e+00
3.643859e-02 3.370905e-01 1.031496e+00
3.677609e-02 3.474936e-01 1.031496e+00
3.711672e-02 3.581838e-01 1.031496e+00
3.746050e-02 3.691679e-01 1.031496e+00
3.780747e-02 3.804529e-01 1.031496e+00
3.815765e-02 3.920461e-01 1.031496e+00
3.851107e-02 4.039550e-01 1.031496e+00
3.886777e-02 4.161868e-01 1.031496e+00
3.922777e-02 4.287492e-01 1.031496e+00
3.959110e-02 4.416497e-01 1.031496e+00
3.995780e-02 4.548965e-01 1.031496e+00
4.032790e-02 4.684977e-01 1.031496e+00
4.070142e-02 4.824615e-01 1.031496e+00
4.107841e-02 4.967962e-01 1.031496e+00
4.145888e-02 5.115105e-01 1.031496e+00
4.184289e-02 5.266130e-01 1.031496e+00
4.223044e-02 5.421127e-01 1.031496e+00
4.262159e-02 5.580184e-01 1.031496e+00
4.301636e-02 5.743394e-01 1.031496e+00
4.341478e-02 5.910853e-01 1.031496e+00
4.381690e-02 6.082657e-01 1.031496e+00
4.422274e-02 6.258899e-01 1.031496e+00
4.463234e-02 6.439679e-01 1.031496e+00
4.504573e-02 6.625102e-01 1.031496e+00
4.546295e-02 6.815272e-01 1.031496e+00
4.588404e-02 7.010289e-01 1.031496e+00
4.630903e-02 7.210260e-01 1.031496e+00
4.673795e-02 7.415296e-01 1.031496e+00
4.717085e-02 7.625509e-01 1.031496e+00
4.760775e-02 7.841011e-01 1.031496e+00
4.804870e-02 8.061916e-01 1.031496e+00
4.849374e-02 8.288339e-01 1.031496e+00
4.894290e-02 8.520400e-01 1.031496e+00
4.939622e-02 8.758220e-01 1.031496e+00
4.985373e-02 9.001923e-01 1.031496e+00
5.031549e-02 9.251634e-01 1.031496e+00
5.078152e-02 9.507481e-01 1.031496e+00
5.125187e-02 9.769590e-01 1.031496e+00
5.172657e-02 1.003810e+00 1.031496e+00
5.220568e-02 1.031313e+00 1.031496e+00
5.268921e-02 1.059484e+00 1.031496e+00
5.317723e-02 1.088336e+00 1.031496e+00
5.366977e-02 1.117883e+00 1.031496e+00
5.416687e-02 1.148138e+00 1.031496e+00
5.466857e-02 1.179116e+00 1.031496e+00
5.517492e-02 1.210834e+00 1.031496e+00
5.568596e-02 1.243305e+00 1.031496e+00
5.620174e-02 1.276546e+00 1.031496e+00
5.672229e-02 1.310571e+00 1.031496e+00
5.724766e-02 1.345397e+00 1.031496e+00
5.777790e-02 1.381040e+00 1.031496e+00
5.831305e-02 1.417516e+00 1.031496e+00
5.885316e-02 1.454841e+00 1.031496e+00
5.939827e-02 1.493033e+00 1.031496e+00
5.994843e-02 1.532110e+00 1.031496e+00
6.050368e-02 1.572087e+00 1.031496e+00
6.106408e-02 1.612984e+00 1.031496e+00
6.162966e-02 1.654819e+00 1.031496e+00
6.220049e-02 1.697609e+00 1.031496e+00
6.277660e-02 1.741373e+00 1.031496e+00
6.335805e-02 1.786131e+00 1.031496e+00
6.394488e-02 1.831901e+00 1.031496e+00
6.453715e-02 1.878702e+00 1.031496e+00
6.513491e-02 1.926556e+00 1.031496e+00
6.573820e-02 1.975483e+00 1.031496e+00
6.634708e-02 2.025502e+00 1.031496e+00
6.696160e-02 2.076634e+00 1.031496e+00
6.758181e-02 2.128900e+00 1.031496e+00
6.820777e-02 2.182322e+00 1.031496e+00
6.883952e-02 2.236923e+00 1.031496e+00
6.947713e-02 2.292723e+00 1.031496e+00
7.012064e-02 2.349746e+00 1.031496e+00
7.077011e-02 2.408013e+00 1.031496e+00
7.142559e-02 2.467549e+00 1.031496e+00
7.208715e-02 2.528376e+00 1.031496e+00
7.275484e-02 2.590519e+00 1.031496e+00
7.342870e-02 2.654002e+00 1.031496e+00
7.410882e-02 2.718849e+00 1.031496e+00
7.479523e-02 2.785085e+00 1.031496e+00
7.548799e-02 2.852736e+00 1.031496e+00
7.618718e-02 2.921826e+00 1.031496e+00
7.689284e-02 2.992383e+00 1.031496e+00
7.760503e-02 3.064432e+00 1.031496e+00
7.832383e-02 3.138000e+00 1.031496e+00
7.904928e-02 3.213115e+00 1.031496e+00
7.978145e-02 3.289805e+00 1.031496e+00
8.052040e-02 3.368096e+00 1.031496e+00
8.126619e-02 3.448018e+00 1.031496e+00
8.201889e-02 3.529599e+00 1.031496e+00
8.277857e-02 3.612869e+00 1.031496e+00
8.354528e-02 3.697857e+00 1.031496e+00
8.431909e-02 3.784592e+00 1.031496e+00
8.510007e-02 3.873105e+00 1.031496e+00
8.588829e-02 3.963429e+00 1.031496e+00
8.668380e-02 4.055593e+00 1.031496e+00
8.748668e-02 4.149630e+00 1.031496e+00
8.829700e-02 4.245571e+00 1.031496e+00
8.911482e-02 4.343450e+00 1.031496e+00
8.994022e-02 4.443299e+00 1.031496e+00
9.077327e-02 4.545152e+00 1.031496e+00
9.161402e-02 4.649042e+00 1.031496e+00
9.246257e-02 4.755005e+00 1.031496e+00
9.331898e-02 4.863075e+00 1.031496e+00
9.418332e-02 4.973288e+00 1.031496e+00
9.505566e-02 5.085680e+00 1.031496e+00
9.593608e-02 5.200287e+00 1.031496e+00
9.682466e-02 5.317145e+00 1.031496e+00
9.772147e-02 5.436294e+00 1.031496e+00
9.862658e-02 5.557769e+00 1.031496e+00
9.954008e-02 5.681607e+00 1.031496e+00
1.004620e-01 5.807848e+00 1.031496e+00
1.013925e-01 5.936537e+00 1.031496e+00
1.023317e-01 6.067715e+00 1.031496e+00
1.032795e-01 6.201415e+00 1.031496e+00
1.042361e-01 6.337675e+00 1.031496e+00
1.052015e-01 6.476540e+00 1.031496e+00
1.061759e-01 6.618055e+00 1.031496e+00
1.071593e-01 6.762261e+00 1.031496e+00
1.081519e-01 6.909203e+00 1.031496e+00
1.091536e-01 7.058926e+00 1.031496e+00
1.101646e-01 7.211471e+00 1.031496e+00
1.111850e-01 7.366880e+00 1.031496e+00
1.122148e-01 7.525197e+00 1.031496e+00
1.132541e-01 7.686471e+00 1.031496e+00
1.143031e-01 7.850752e+00 1.031496e+00
1.153618e-01 8.018092e+00 1.031496e+00
1.164303e-01 8.188538e+00 1.031496e+00
1.175087e-01 8.362125e+00 1.031496e+00
1.185971e-01 8.538901e+00 1.031496e+00
1.196956e-01 8.718928e+00 1.031496e+00
1.208042e-01 8.902260e+00 1.031496e+00
1.219231e-01 9.088937e+00 1.031496e+00
1.230524e-01 9.279009e+00 1.031496e+00
1.241921e-01 9.472536e+00 1.031496e+00
1.253424e-01 9.669569e+00 1.031496e+00
1.265034e-01 9.870153e+00 1.031496e+00
1.276751e-01 1.007434e+01 1.031496e+00
1.288576e-01 1.028221e+01 1.031496e+00
1.300511e-01 1.049380e+01 1.031496e+00
1.312557e-01 1.070916e+01 1.031496e+00
1.324714e-01 1.092836e+01 1.031496e+00
1.336984e-01 1.115145e+01 1.031496e+00
1.349367e-01 1.137850e+01 1.031496e+00
1.361865e-01 1.160955e+01 1.031496e+00
1.374479e-01 1.184467e+01 1.031496e+00
1.387210e-01 1.208391e+01 1.031496e+00
1.400058e-01 1.232735e+01 1.031496e+00
1.413026e-01 1.257504e+01 1.031496e+00
1.426114e-01 1.282704e+01 1.031496e+00
1.439323e-01 1.308342e+01 1.031496e+00
1.452654e-01 1.334423e+01 1.031496e+00
1.466109e-01 1.360956e+01 1.031496e+00
1.479688e-01 1.387948e+01 1.031496e+00
1.493393e-01 1.415402e+01 1.031496e+00
1.507225e-01 1.443325e+01 1.031496e+00
1.521186e-01 1.471726e+01 1.031496e+00
1.535275e-01 1.500612e+01 1.031496e+00
1.549495e-01 1.529989e+01 1.031496e+00
1.563847e-01 1.559862e+01 1.031496e+00
1.578331e-01 1.590242e+01 1.031496e+00
1.592950e-01 1.621134e+01 1.031496e+00
1.607704e-01 1.652546e+01 1.031496e+00
1.622595e-01 1.684484e+01 1.031496e+00
1.637624e-01 1.716956e+01 1.031496e+00
1.652792e-01 1.749971e+01 1.031496e+00
1.668101e-01 1.783536e+01 1.031496e+00
1.683551e-01 1.817659e+01 1.031496e+00
1.699144e-01 1.852346e+01 1.031496e+00
1.714882e-01 1.887606e+01 1.031496e+00
1.730766e-01 1.923446e+01 1.031496e+00
1.746796e-01 1.959876e+01 1.031496e+00
1.762975e-01 1.996903e+01 1.031496e+00
1.779304e-01 2.034535e+01 1.031496e+00
1.795785e-01 2.072781e+01 1.031496e+00
1.812418e-01 2.111649e+01 1.031496e+00
1.829205e-01 2.151147e+01 1.031496e+00
1.846147e-01 2.191285e+01 1.031496e+00
1.863246e-01 2.232070e+01 1.031496e+00
1.880504e-01 2.273513e+01 1.031496e+00
1.897922e-01 2.315621e+01 1.031496e+00
1.915501e-01 2.358402e+01 1.031496e+00
1.933242e-01 2.401868e+01 1.031496e+00
1.951148e-01 2.446028e+01 1.031496e+00
1.969220e-01 2.490891e+01 1.031496e+00
1.987460e-01 2.536466e+01 1.031496e+00
2.005868e-01 2.582761e+01 1.031496e+00
2.024447e-01 2.629785e+01 1.031496e+00
2.043197e-01 2.677552e+01 1.031496e+00
2.062122e-01 2.726070e+01 1.031496e+00
2.081222e-01 2.775348e+01 1.031496e+00
2.100498e-01 2.825395e+01 1.031496e+00
2.119953e-01 2.876224e+01 1.031496e+00
2.139589e-01 2.927845e+01 1.031496e+00
2.159406e-01 2.980266e+01 1.031496e+00
2.179407e-01 3.033497e+01 1.031496e+00
2.199593e-01 3.087553e+01 1.031496e+00
2.219966e-01 3.142443e+01 1.031496e+00
2.240528e-01 3.198176e+01 1.031496e+00
2.261280e-01 3.254763e+01 1.031496e+00
2.282224e-01 3.312217e+01 1.031496e+00
2.303363e-01 3.370550e+01 1.031496e+00
2.324697e-01 3.429771e+01 1.031496e+00
2.346229e-01 3.489891e+01 1.031496e+00
2.367960e-01 3.550923e+01 1.031496e+00
2.389893e-01 3.612879e+01 1.031496e+00
2.412028e-01 3.675770e+01 1.031496e+00
2.434369e-01 3.739609e+01 1.031496e+00
2.456916e-01 3.804408e+01 1.031496e+00
2.479673e-01 3.870178e+01 1.031496e+00
2.502640e-01 3.936932e+01 1.031496e+00
2.525820e-01 4.004682e+01 1.031496e+00
2.549215e-01 4.073441e+01 1.031496e+00
2.572826e-01 4.143222e+01 1.031496e+00
2.596656e-01 4.214038e+01 1.031496e+00
2.620707e-01 4.285901e+01 1.031496e+00
2.644980e-01 4.358825e+01 1.031496e+00
2.669478e-01 4.432825e+01 1.031496e+00
2.694204e-01 4.507912e+01 1.031496e+00
2.719158e-01 4.584099e+01 1.031496e+00
2.744343e-01 4.661402e+01 1.031496e+00
2.769762e-01 4.739836e+01 1.031496e+00
2.795416e-01 4.819411e+01 1.031496e+00
2.821308e-01 4.900143e+01 1.031496e+00
2.847439e-01 4.982046e+01 1.031496e+00
2.873813e-01 5.065136e+01 1.031496e+00
2.900430e-01 5.149427e+01 1.031496e+00
2.927295e-01 5.234934e+01 1.031496e+00
2.954408e-01 5.321671e+01 1.031496e+00
2.981772e-01 5.409652e+01 1.031496e+00
3.009390e-01 5.498894e+01 1.031496e+00
3.037264e-01 5.589412e+01 1.031496e+00
3.065395e-01 5.681222e+01 1.031496e+00
3.093788e-01 5.774339e+01 1.031496e+00
3.122443e-01 5.868781e+01 1.031496e+00
3.151363e-01 5.964562e+01 1.031496e+00
3.180552e-01 6.061699e+01 1.031496e+00
3.210011e-01 6.160209e+01 1.031496e+00
3.239743e-01 6.260106e+01 1.031496e+00
3.269750e-01 6.361409e+01 1.031496e+00
3.300035e-01 6.464134e+01 1.031496e+00
3.330600e-01 6.568299e+01 1.031496e+00
3.361449e-01 6.673921e+01 1.031496e+00
3.392583e-01 6.781017e+01 1.031496e+00
3.424006e-01 6.889606e+01 1.031496e+00
3.455720e-01 6.999705e+01 1.031496e+00
3.487727e-01 7.111332e+01 1.031496e+00
3.520031e-01 7.224505e+01 1.031496e+00
3.552635e-01 7.339242e+01 1.031496e+00
3.585540e-01 7.455563e+01 1.031496e+00
3.618750e-01 7.573485e+01 1.031496e+00
3.652267e-01 7.693027e+01 1.031496e+00
3.686095e-01 7.814211e+01 1.031496e+00
3.720237e-01 7.937056e+01 1.031496e+00
3.754694e-01 8.061579e+01 1.031496e+00
3.789471e-01 8.187798e+01 1.031496e+00
3.824570e-01 8.315738e+01 1.031496e+00
3.859994e-01 8.445418e+01 1.031496e+00
3.895746e-01 8.576858e+01 1.031496e+00
3.931829e-01 8.710078e+01 1.031496e+00
3.968246e-01 8.845098e+01 1.031496e+00
4.005001e-01 8.981940e+01 1.031496e+00
4.042096e-01 9.120625e+01 1.031496e+00
4.079535e-01 9.261176e+01 1.031496e+00
4.117320e-01 9.403614e+01 1.031496e+00
4.155455e-01 9.547959e+01 1.031496e+00
4.193944e-01 9.694235e+01 1.031496e+00
4.232789e-01 9.842465e+01 1.031496e+00
4.271994e-01 9.992670e+01 1.031496e+00
4.311562e-01 1.014488e+02 1.031496e+00
4.351497e-01 1.029910e+02 1.031496e+00
4.391801e-01 1.045537e+02 1.031496e+00
4.432479e-01 1.061371e+02 1.031496e+00
4.473533e-01 1.077414e+02 1.031496e+00
4.514968e-01 1.093668e+02 1.031496e+00
4.556786e-01 1.110137e+02 1.031496e+00
4.598992e-01 1.126822e+02 1.031496e+00
4.641589e-01 1.143727e+02 1.031496e+00
4.684580e-01 1.160853e+02 1.031496e+00
4.727970e-01 1.178204e+02 1.031496e+00
4.771761e-01 1.195780e+02 1.031496e+00
4.815958e-01 1.213585e+02 1.031496e+00
4.860564e-01 1.231623e+02 1.031496e+00
4.905584e-01 1.249895e+02 1.031496e+00
4.951020e-01 1.268404e+02 1.031496e+00
4.996877e-01 1.287153e+02 1.031496e+00
5.043159e-01 1.306144e+02 1.031496e+00
5.089870e-01 1.325381e+02 1.031496e+00
5.137014e-01 1.344866e+02 1.031496e+00
5.184594e-01 1.364601e+02 1.031496e+00
5.232614e-01 1.384590e+02 1.031496e+00
5.281080e-01 1.404836e+02 1.031496e+00
5.329994e-01 1.425342e+02 1.031496e+00
5.379362e-01 1.446110e+02 1.031496e+00
5.429186e-01 1.467143e+02 1.031496e+00
5.479472e-01 1.488443e+02 1.031496e+00
5.530224e-01 1.510016e+02 1.031496e+00
5.581446e-01 1.531862e+02 1.031496e+00
5.633143e-01 1.553987e+02 1.031496e+00
5.685318e-01 1.576391e+02 1.031496e+00
5.737976e-01 1.599080e+02 1.031496e+00
5.791123e-01 1.622055e+02 1.031496e+00
5.844761e-01 1.645320e+02 1.031496e+00
5.898896e-01 1.668878e+02 1.031496e+00
5.953533e-01 1.692733e+02 1.031496e+00
6.008676e-01 1.716888e+02 1.031496e+00
6.064329e-01 1.741346e+02 1.031496e+00
6.120498e-01 1.766109e+02 1.031496e+00
6.177188e-01 1.791183e+02 1.031496e+00
6.234402e-01 1.816571e+02 1.031496e+00
6.292146e-01 1.842275e+02 1.031496e+00
6.350425e-01 1.868299e+02 1.031496e+00
6.409244e-01 1.894648e+02 1.031496e+00
6.468608e-01 1.921324e+02 1.031496e+00
6.528521e-01 1.948331e+02 1.031496e+00
6.588990e-01 1.975672e+02 1.031496e+00
6.650018e-01 2.003352e+02 1.031496e+00
6.711612e-01 2.031374e+02 1.031496e+00
6.773776e-01 2.059741e+02 1.031496e+00
6.836516e-01 2.088458e+02 1.031496e+00
6.899837e-01 2.117528e+02 1.031496e+00
6.963745e-01 2.146956e+02 1.031496e+00
7.028244e-01 2.176745e+02 1.031496e+00
7.093341e-01 2.206900e+02 1.031496e+00
7.159041e-01 2.237423e+02 1.031496e+00
7.225349e-01 2.268320e+02 1.031496e+00
7.292272e-01 2.299593e+02 1.031496e+00
7.359814e-01 2.331248e+02 1.031496e+00
7.427982e-01 2.363288e+02 1.031496e+00
7.496782e-01 2.395718e+02 1.031496e+00
7.566219e-01 2.428542e+02 1.031496e+00
7.636298e-01 2.461764e+02 1.031496e+00
7.707027e-01 2.495389e+02 1.031496e+00
7.778411e-01 2.529421e+02 1.031496e+00
7.850456e-01 2.563864e+02 1.031496e+00
7.923169e-01 2.598722e+02 1.031496e+00
7.996555e-01 2.634001e+02 1.031496e+00
8.070620e-01 2.669704e+02 1.031496e+00
8.145372e-01 2.705837e+02 1.031496e+00
8.220816e-01 2.742403e+02 1.031496e+00
8.296959e-01 2.779408e+02 1.031496e+00
8.373807e-01 2.816856e+02 1.031496e+00
8.451366e-01 2.854752e+02 1.031496e+00
8.529644e-01 2.893101e+02 1.031496e+00
8.608648e-01 2.931908e+02 1.031496e+00
8.688383e-01 2.971177e+02 1.031496e+00
8.768856e-01 3.010913e+02 1.031496e+00
8.850075e-01 3.051122e+02 1.031496e+00
8.932046e-01 3.091808e+02 1.031496e+00
9.014776e-01 3.132977e+02 1.031496e+00
9.098273e-01 3.174634e+02 1.031496e+00
9.182543e-01 3.216784e+02 1.031496e+00
9.267593e-01 3.259431e+02 1.031496e+00
9.353432e-01 3.302582e+02 1.031496e+00
9.440065e-01 3.346242e+02 1.031496e+00
9.527500e-01 3.390416e+02 1.031496e+00
9.615746e-01 3.435110e+02 1.031496e+00
9.704809e-01 3.480328e+02 1.031496e+00
9.794697e-01 3.526076e+02 1.031496e+00
9.885417e-01 3.572361e+02 1.031496e+00
9.976978e-01 3.619188e+02 1.031496e+00
1.006939e+00 3.666563e+02 1.031496e+00
1.016265e+00 3.714491e+02 1.031496e+00
1.025678e+00 3.762976e+02 1.031496e+00
1.035178e+00 3.812026e+02 1.031496e+00
1.044766e+00 3.861645e+02 1.031496e+00
1.054443e+00 3.911843e+02 1.031496e+00
1.064209e+00 3.962623e+02 1.031496e+00
1.074066e+00 4.013993e+02 1.031496e+00
1.084014e+00 4.065957e+02 1.031496e+00
1.094055e+00 4.118522e+02 1.031496e+00
1.104188e+00 4.171694e+02 1.031496e+00
1.114415e+00 4.225479e+02 1.031496e+00
1.124737e+00 4.279883e+02 1.031496e+00
1.135155e+00 4.334914e+02 1.031496e+00
1.145669e+00 4.390580e+02 1.031496e+00
1.156280e+00 4.446885e+02 1.031496e+00
1.166990e+00 4.503832e+02 1.031496e+00
1.177799e+00 4.561432e+02 1.031496e+00
1.188708e+00 4.619692e+02 1.031496e+00
1.199718e+00 4.678617e+02 1.031496e+00
1.210830e+00 4.738214e+02 1.031496e+00
1.222045e+00 4.798490e+02 1.031496e+00
1.233363e+00 4.859450e+02 1.031496e+00
1.244787e+00 4.921104e+02 1.031496e+00
1.256317e+00 4.983458e+02 1.031496e+00
1.267953e+00 5.046520e+02 1.031496e+00
1.279697e+00 5.110295e+02 1.031496e+00
1.291550e+00 5.174792e+02 1.031496e+00
1.303512e+00 5.240017e+02 1.031496e+00
1.315586e+00 5.305978e+02 1.031496e+00
1.327771e+00 5.372682e+02 1.031496e+00
1.340069e+00 5.440137e+02 1.031496e+00
1.352481e+00 5.508349e+02 1.031496e+00
1.365008e+00 5.577327e+02 1.031496e+00
1.377651e+00 5.647078e+02 1.031496e+00
1.390411e+00 5.717609e+02 1.031496e+00
1.403289e+00 5.788927e+02 1.031496e+00
1.416287e+00 5.861042e+02 1.031496e+00
1.429405e+00 5.933962e+02 1.031496e+00
1.442644e+00 6.007693e+02 1.031496e+00
1.456006e+00 6.082241e+02 1.031496e+00
1.469492e+00 6.157618e+02 1.031496e+00
1.483103e+00 6.233832e+02 1.031496e+00
1.496839e+00 6.310889e+02 1.031496e+00
1.510703e+00 6.388794e+02 1.031496e+00
1.524696e+00 6.467559e+02 1.031496e+00
1.538818e+00 6.547193e+02 1.031496e+00
1.553071e+00 6.627704e+02 1.031496e+00
1.567455e+00 6.709098e+02 1.031496e+00
1.581973e+00 6.791386e+02 1.031496e+00
1.596626e+00 6.874575e+02 1.031496e+00
1.611414e+00 6.958672e+02 1.031496e+00
1.626340e+00 7.043684e+02 1.031496e+00
1.641403e+00 7.129624e+02 1.031496e+00
1.656606e+00 7.216501e+02 1.031496e+00
1.671950e+00 7.304323e+02 1.031496e+00
1.687436e+00 7.393095e+02 1.031496e+00
1.703065e+00 7.482828e+02 1.031496e+00
1.718839e+00 7.573532e+02 1.031496e+00
1.734759e+00 7.665215e+02 1.031496e+00
1.750827e+00 7.757885e+02 1.031496e+00
1.767044e+00 7.851551e+02 1.031496e+00
1.783410e+00 7.946222e+02 1.031496e+00
1.799929e+00 8.041906e+02 1.031496e+00
1.816600e+00 8.138612e+02 1.031496e+00
1.833425e+00 8.236350e+02 1.031496e+00
1.850407e+00 8.335130e+02 1.031496e+00
1.867546e+00 8.434962e+02 1.031496e+00
1.884843e+00 8.535852e+02 1.031496e+00
1.902301e+00 8.637811e+02 1.031496e+00
1.919921e+00 8.740848e+02 1.031496e+00
1.937703e+00 8.844971e+02 1.031496e+00
1.955651e+00 8.950190e+02 1.031496e+00
1.973764e+00 9.056515e+02 1.031496e+00
1.992046e+00 9.163955e+02 1.031496e+00
2.010496e+00 9.272518e+02 1.031496e+00
2.029118e+00 9.382210e+02 1.031496e+00
2.047912e+00 9.493045e+02 1.031496e+00
2.066880e+00 9.605031e+02 1.031496e+00
2.086024e+00 9.718180e+02 1.031496e+00
2.105345e+00 9.832500e+02 1.031496e+00
2.124845e+00 9.947996e+02 1.031496e+00
2.144526e+00 1.006468e+03 1.031496e+00
2.164389e+00 1.018256e+03 1.031496e+00
2.184436e+00 1.030165e+03 1.031496e+00
2.204669e+00 1.042195e+03 1.031496e+00
2.225089e+00 1.054348e+03 1.031496e+00
2.245698e+00 1.066624e+03 1.031496e+00
2.266498e+00 1.079025e+03 1.031496e+00
2.287491e+00 1.091551e+03 1.031496e+00
2.308678e+00 1.104203e+03 1.031496e+00
2.330061e+00 1.116982e+03 1.031496e+00
2.351643e+00 1.129889e+03 1.031496e+00
2.373424e+00 1.142924e+03 1.031496e+00
2.395407e+00 1.156090e+03 1.031496e+00
2.417594e+00 1.169385e+03 1.031496e+00
2.439986e+00 1.182812e+03 1.031496e+00
2.462586e+00 1.196372e+03 1.031496e+00
2.485395e+00 1.210065e+03 1.031496e+00
2.508415e+00 1.223891e+03 1.031496e+00
2.531648e+00 1.237853e+03 1.031496e+00
2.555097e+00 1.251950e+03 1.031496e+00
2.578763e+00 1.266184e+03 1.031496e+00
2.602648e+00 1.280555e+03 1.031496e+00
2.626754e+00 1.295064e+03 1.031496e+00
2.651084e+00 1.309712e+03 1.031496e+00
2.675638e+00 1.324500e+03 1.031496e+00
2.700421e+00 1.339427e+03 1.031496e+00
2.725433e+00 1.354497e+03 1.031496e+00
2.750676e+00 1.369708e+03 1.031496e+00
2.776153e+00 1.385062e+03 1.031496e+00
2.801867e+00 1.400558e+03 1.031496e+00
2.827818e+00 1.416199e+03 1.031496e+00
2.854010e+00 1.431985e+03 1.031496e+00
2.880444e+00 1.447916e+03 1.031496e+00
2.907123e+00 1.463993e+03 1.031496e+00
2.934050e+00 1.480216e+03 1.031496e+00
2.961225e+00 1.496585e+03 1.031496e+00
2.988653e+00 1.513103e+03 1.031496e+00
3.016334e+00 1.529769e+03 1.031496e+00
3.044272e+00 1.546584e+03 1.031496e+00
3.072469e+00 1.563548e+03 1.031496e+00
3.100927e+00 1.580661e+03 1.031496e+00
3.129648e+00 1.597924e+03 1.031496e+00
3.158635e+00 1.615337e+03 1.031496e+00
3.187891e+00 1.632901e+03 1.031496e+00
3.217418e+00 1.650617e+03 1.031496e+00
3.247218e+00 1.668483e+03 1.031496e+00
3.277295e+00 1.686501e+03 1.031496e+00
3.307650e+00 1.704671e+03 1.031496e+00
3.338286e+00 1.722992e+03 1.031496e+00
3.369206e+00 1.741466e+03 1.031496e+00
3.400412e+00 1.760092e+03 1.031496e+00
3.431907e+00 1.778870e+03 1.031496e+00
3.463694e+00 1.797799e+03 1.031496e+00
3.495776e+00 1.816881e+03 1.031496e+00
3.528154e+00 1.836116e+03 1.031496e+00
3.560833e+00 1.855501e+03 1.031496e+00
3.593814e+00 1.875036e+03 1.031496e+00
3.627100e+00 1.894729e+03 1.031496e+00
3.660695e+00 1.914577e+03 1.031496e+00
3.694601e+00 1.934555e+03 1.031496e+00
3.728821e+00 1.954665e+03 1.031496e+00
3.763358e+00 1.975001e+03 1.031496e+00
3.798215e+00 1.995559e+03 1.031496e+00
3.833395e+00 2.015973e+03 1.031496e+00
3.868901e+00 2.036258e+03 1.031496e+00
3.904735e+00 2.057802e+03 1.031496e+00
3.940902e+00 2.080550e+03 1.031496e+00
3.977403e+00 2.099216e+03 1.031496e+00
4.014242e+00 2.109492e+03 1.031497e+00
4.051423e+00 2.113344e+03 1.031497e+00
4.088948e+00 2.113765e+03 1.031497e+00
4.126821e+00 2.113112e+03 1.031497e+00
4.165044e+00 2.112998e+03 1.031497e+00
4.203622e+00 2.113173e+03 1.031497e+00
4.242556e+00 2.113204e+03 1.031497e+00
4.281852e+00 2.113157e+03 1.031497e+00
4.321511e+00 2.113148e+03 1.031497e+00
4.361538e+00 2.113161e+03 1.031497e+00
4.401935e+00 2.113163e+03 1.031497e+00
4.442707e+00 2.113160e+03 1.031497e+00
4.483856e+00 2.113159e+03 1.031497e+00
4.525386e+00 2.113160e+03 1.031497e+00
4.567301e+00 2.113160e+03 1.031497e+00
4.609604e+00 2.113160e+03 1.031497e+00
4.652300e+00 2.113160e+03 1.031497e+00
4.695390e+00 2.113160e+03 1.031497e+00
4.738880e+00 2.113160e+03 1.031497e+00
4.782772e+00 2.113160e+03 1.031497e+00
4.827071e+00 2.113160e+03 1.031497e+00
4.871780e+00 2.113160e+03 1.031497e+00
4.916904e+00 2.113160e+03 1.031497e+00
4.962445e+00 2.113160e+03 1.031497e+00
5.008408e+00 2.113160e+03 1.031497e+00
5.054797e+00 2.113160e+03 1.031497e+00
5.101615e+00 2.113160e+03 1.031497e+00
5.148867e+00 2.113160e+03 1.031497e+00
5.196557e+00 2.113160e+03 1.031497e+00
5.244689e+00 2.113160e+03 1.031497e+00
5.293266e+00 2.113160e+03 1.031497e+00
5.342293e+00 2.113160e+03 1.031497e+00
5.391775e+00 2.113160e+03 1.031497e+00
5.441714e+00 2.113160e+03 1.031497e+00
5.492116e+00 2.113160e+03 1.031497e+00
5.542986e+00 2.113160e+03 1.031497e+00
5.594326e+00 2.113160e+03 1.031497e+00
5.646141e+00 2.113160e+03 1.031497e+00
5.698437e+00 2.113160e+03 1.031497e+00
5.751217e+00 2.113160e+03 1.031497e+00
5.804486e+00 2.113160e+03 1.031497e+00
5.858248e+00 2.113160e+03 1.031497e+00
5.912508e+00 2.113160e+03 1.031497e+00
5.967271e+00 2.113160e+03 1.031497e+00
6.022541e+00 2.113160e+03 1.031497e+00
6.078323e+00 2.113160e+03 1.031497e+00
6.134622e+00 2.113160e+03 1.031497e+00
6.191442e+00 2.113160e+03 1.031497e+00
6.248788e+00 2.113160e+03 1.031497e+00
6.306666e+00 2.113160e+03 1.031497e+00
6.365079e+00 2.113160e+03 1.031497e+00
6.424034e+00 2.113160e+03 1.031497e+00
6.483534e+00 2.113160e+03 1.031497e+00
6.543586e+00 2.113160e+03 1.031497e+00
6.604194e+00 2.113160e+03 1.031497e+00
6.665363e+00 2.113160e+03 1.031497e+00
6.727099e+00 2.113160e+03 1.031497e+00
6.789407e+00 2.113160e+03 1.031497e+00
6.852292e+00 2.113160e+03 1.031497e+00
6.915759e+00 2.113160e+03 1.031497e+00
6.979814e+00 2.113160e+03 1.031497e+00
7.044462e+00 2.113160e+03 1.031497e+00
7.109709e+00 2.113160e+03 1.031497e+00
7.175561e+00 2.113160e+03 1.031497e+00
7.242022e+00 2.113160e+03 1.031497e+00
7.309099e+00 2.113160e+03 1.031497e+00
7.376798e+00 2.113160e+03 1.031497e+00
7.445123e+00 2.113160e+03 1.031497e+00
7.514081e+00 2.113160e+03 1.031497e+00
7.583678e+00 2.113160e+03 1.031497e+00
7.653919e+00 2.113160e+03 1.031497e+00
7.724811e+00 2.113160e+03 1.031497e+00
7.796360e+00 2.113160e+03 1.031497e+00
7.868572e+00 2.113160e+03 1.031497e+00
7.941452e+00 2.113160e+03 1.031497e+00
8.015007e+00 2.113160e+03 1.031497e+00
8.089243e+00 2.113160e+03 1.031497e+00
8.164168e+00 2.113160e+03 1.031497e+00
8.239786e+00 2.113160e+03 1.031497e+00
8.316104e+00 2.113160e+03 1.031497e+00
8.393129e+00 2.113160e+03 1.031497e+00
8.470868e+00 2.113160e+03 1.031497e+00
8.549327e+00 2.113160e+03 1.031497e+00
8.628513e+00 2.113160e+03 1.031497e+00
8.708431e+00 2.113160e+03 1.031497e+00
8.789091e+00 2.113160e+03 1.031497e+00
8.870497e+00 2.113160e+03 1.031497e+00
8.952657e+00 2.113160e+03 1.031497e+00
9.035578e+00 2.113160e+03 1.031497e+00
9.119268e+00 2.113160e+03 1.031497e+00
9.203732e+00 2.113160e+03 1.031497e+00
9.288979e+00 2.113160e+03 1.031497e+00
9.375015e+00 2.113160e+03 1.031497e+00
9.461848e+00 2.113160e+03 1.031497e+00
9.549486e+00 2.113160e+03 1.031497e+00
9.637935e+00 2.113160e+03 1.031497e+00
9.727203e+00 2.113160e+03 1.031497e+00
9.817298e+00 2.113160e+03 1.031497e+00
9.908228e+00 2.113160e+03 1.031497e+00
1.000000e+01 2.113160e+03 1.031497e+00
