# He3 + a > Be7 + g   [He3_a__Be7_g]   ref=Parthenope3.0 (Serpico et al 2004)
# Forward rate N_A<sigma v> [cm^3 mol^-1 s^-1] extracted from
# parthenope3.0.f (default PIS2020 nuclear-rate selection).
# error column = sqrt((1+drate_up)/(1+drate_lo)), the full Parthenope
# 1-sigma multiplicative envelope (statistical fp/fm + systematic floor).
# NOTE: lowest 33 T9 points (below the fit validity floor, where
#   the published polynomial extrapolates non-physically) are filled by
#   log-log extrapolation; this region is dynamically frozen for BBN.
# T9                 rate                error
1.000000e-03 6.409763e-72 1.460895e+00
1.009262e-03 8.729517e-72 1.460895e+00
1.018610e-03 1.188888e-71 1.460895e+00
1.028045e-03 1.619169e-71 1.460895e+00
1.037567e-03 2.205164e-71 1.460895e+00
1.047177e-03 3.003214e-71 1.460895e+00
1.056876e-03 4.090098e-71 1.460895e+00
1.066665e-03 5.570417e-71 1.460895e+00
1.076545e-03 7.586503e-71 1.460895e+00
1.086516e-03 1.033210e-70 1.460895e+00
1.096579e-03 1.407127e-70 1.460895e+00
1.106736e-03 1.916378e-70 1.460895e+00
1.116987e-03 2.609957e-70 1.460895e+00
1.127333e-03 3.554580e-70 1.460895e+00
1.137774e-03 4.841065e-70 1.460895e+00
1.148312e-03 6.593060e-70 1.460895e+00
1.158948e-03 8.979078e-70 1.460895e+00
1.169683e-03 1.222872e-69 1.460895e+00
1.180517e-03 1.665459e-69 1.460895e+00
1.191451e-03 2.268235e-69 1.460895e+00
1.202486e-03 3.089151e-69 1.460895e+00
1.213624e-03 4.207111e-69 1.460895e+00
1.224865e-03 5.729668e-69 1.460895e+00
1.236210e-03 7.803363e-69 1.460895e+00
1.247660e-03 1.062762e-68 1.460895e+00
1.259216e-03 1.447391e-68 1.460895e+00
1.270879e-03 1.971211e-68 1.460895e+00
1.282650e-03 2.684612e-68 1.460895e+00
1.294530e-03 3.656208e-68 1.460895e+00
1.306520e-03 4.979439e-68 1.460895e+00
1.318621e-03 6.781574e-68 1.460895e+00
1.330835e-03 9.235957e-68 1.460895e+00
1.343161e-03 1.257865e-67 1.460895e+00
1.355602e-03 1.713111e-67 1.460895e+00
1.368158e-03 2.333108e-67 1.460895e+00
1.380830e-03 3.177468e-67 1.460895e+00
1.393619e-03 4.327408e-67 1.460895e+00
1.406527e-03 5.893569e-67 1.460895e+00
1.419555e-03 8.026582e-67 1.460895e+00
1.432703e-03 1.093155e-66 1.460895e+00
1.445973e-03 1.488784e-66 1.460895e+00
1.459366e-03 2.027594e-66 1.460895e+00
1.472883e-03 2.761408e-66 1.460895e+00
1.486525e-03 3.760804e-66 1.460895e+00
1.500293e-03 5.121883e-66 1.460895e+00
1.514189e-03 6.975508e-66 1.460895e+00
1.528214e-03 9.499972e-66 1.460895e+00
1.542369e-03 1.293815e-65 1.460895e+00
1.556654e-03 1.762071e-65 1.460895e+00
1.571072e-03 2.399785e-65 1.460895e+00
1.585624e-03 3.268290e-65 1.460895e+00
1.600310e-03 4.451128e-65 1.460895e+00
1.615133e-03 6.062081e-65 1.460895e+00
1.630092e-03 8.256104e-65 1.460895e+00
1.645191e-03 1.124418e-64 1.460895e+00
1.660429e-03 1.531357e-64 1.460895e+00
1.675808e-03 2.085562e-64 1.460895e+00
1.691330e-03 2.840341e-64 1.460895e+00
1.706995e-03 3.868300e-64 1.460895e+00
1.722805e-03 5.268329e-64 1.460895e+00
1.738762e-03 7.175050e-64 1.460895e+00
1.754867e-03 9.771757e-64 1.460895e+00
1.771121e-03 1.330819e-63 1.460895e+00
1.787526e-03 1.812458e-63 1.460895e+00
1.804082e-03 2.468419e-63 1.460895e+00
1.820792e-03 3.361784e-63 1.460895e+00
1.837656e-03 4.578458e-63 1.460895e+00
1.854677e-03 6.235434e-63 1.460895e+00
1.871855e-03 8.492098e-63 1.460895e+00
1.889193e-03 1.156557e-62 1.460895e+00
1.906691e-03 1.575141e-62 1.460895e+00
1.924351e-03 2.145206e-62 1.460895e+00
1.942175e-03 2.921574e-62 1.460895e+00
1.960163e-03 3.978920e-62 1.460895e+00
1.978319e-03 5.418944e-62 1.460895e+00
1.996642e-03 7.380150e-62 1.460895e+00
2.015136e-03 1.005116e-61 1.460895e+00
2.033800e-03 1.368885e-61 1.460895e+00
2.052638e-03 1.864307e-61 1.460895e+00
2.071650e-03 2.539029e-61 1.460895e+00
2.090838e-03 3.457942e-61 1.460895e+00
2.110203e-03 4.709429e-61 1.460895e+00
2.129749e-03 6.413827e-61 1.460895e+00
2.149475e-03 8.735009e-61 1.460895e+00
2.169384e-03 1.189626e-60 1.460895e+00
2.189477e-03 1.620177e-60 1.460895e+00
2.209756e-03 2.206556e-60 1.460895e+00
2.230223e-03 3.005126e-60 1.460895e+00
2.250880e-03 4.092696e-60 1.460895e+00
2.271728e-03 5.573920e-60 1.460895e+00
2.292769e-03 7.591250e-60 1.460895e+00
2.314005e-03 1.033862e-59 1.460895e+00
2.335438e-03 1.408023e-59 1.460895e+00
2.357069e-03 1.917602e-59 1.460895e+00
2.378901e-03 2.611608e-59 1.460895e+00
2.400935e-03 3.556785e-59 1.460895e+00
2.423173e-03 4.844036e-59 1.460895e+00
2.445617e-03 6.597175e-59 1.460895e+00
2.468268e-03 8.984804e-59 1.460895e+00
2.491130e-03 1.223653e-58 1.460895e+00
2.514203e-03 1.666509e-58 1.460895e+00
2.537490e-03 2.269648e-58 1.460895e+00
2.560993e-03 3.091073e-58 1.460895e+00
2.584714e-03 4.209768e-58 1.460895e+00
2.608654e-03 5.733328e-58 1.460895e+00
2.632815e-03 7.808313e-58 1.460895e+00
2.657201e-03 1.063427e-57 1.460895e+00
2.681813e-03 1.448292e-57 1.460895e+00
2.706652e-03 1.972441e-57 1.460895e+00
2.731722e-03 2.686301e-57 1.460895e+00
2.757023e-03 3.658526e-57 1.460895e+00
2.782559e-03 4.982600e-57 1.460895e+00
2.808332e-03 6.785854e-57 1.460895e+00
2.834343e-03 9.241719e-57 1.460895e+00
2.860596e-03 1.258640e-56 1.460895e+00
2.887091e-03 1.714160e-56 1.460895e+00
2.913832e-03 2.334541e-56 1.460895e+00
2.940820e-03 3.179444e-56 1.460895e+00
2.968059e-03 4.330126e-56 1.460895e+00
2.995549e-03 5.897262e-56 1.460895e+00
3.023295e-03 8.031579e-56 1.460895e+00
3.051297e-03 1.093835e-55 1.460895e+00
3.079559e-03 1.489711e-55 1.460895e+00
3.108082e-03 2.028858e-55 1.460895e+00
3.136870e-03 2.763125e-55 1.460895e+00
3.165924e-03 3.763128e-55 1.460895e+00
3.195248e-03 5.125052e-55 1.460895e+00
3.224842e-03 6.979897e-55 1.460895e+00
3.254712e-03 9.506049e-55 1.460895e+00
3.284857e-03 1.294642e-54 1.460895e+00
3.315282e-03 1.763187e-54 1.460895e+00
3.345989e-03 2.401301e-54 1.460895e+00
3.376980e-03 3.270361e-54 1.460895e+00
3.408259e-03 4.453959e-54 1.460895e+00
3.439826e-03 6.065925e-54 1.460895e+00
3.471687e-03 8.261267e-54 1.460895e+00
3.503842e-03 1.125112e-53 1.460895e+00
3.536296e-03 1.532306e-53 1.460895e+00
3.569049e-03 2.086871e-53 1.460895e+00
3.602107e-03 2.842135e-53 1.460895e+00
3.635470e-03 3.870734e-53 1.460895e+00
3.669142e-03 5.271598e-53 1.460895e+00
3.703127e-03 7.179459e-53 1.460895e+00
3.737426e-03 9.777809e-53 1.460895e+00
3.772042e-03 1.331654e-52 1.460895e+00
3.806980e-03 1.813596e-52 1.460895e+00
3.842241e-03 2.469961e-52 1.460895e+00
3.877828e-03 3.363883e-52 1.460895e+00
3.913746e-03 4.581334e-52 1.460895e+00
3.949995e-03 6.239386e-52 1.460895e+00
3.986581e-03 8.497496e-52 1.460895e+00
4.023506e-03 1.157285e-51 1.460895e+00
4.060772e-03 1.576123e-51 1.460895e+00
4.098384e-03 2.146547e-51 1.460895e+00
4.136344e-03 2.923416e-51 1.460895e+00
4.174655e-03 3.981437e-51 1.460895e+00
4.213322e-03 5.422365e-51 1.460895e+00
4.252346e-03 7.384797e-51 1.460895e+00
4.291732e-03 1.005747e-50 1.460895e+00
4.331483e-03 1.369738e-50 1.460895e+00
4.371602e-03 1.865460e-50 1.460895e+00
4.412093e-03 2.540593e-50 1.460895e+00
4.452959e-03 3.460071e-50 1.460895e+00
4.494203e-03 4.712325e-50 1.460895e+00
4.535829e-03 6.417790e-50 1.460895e+00
4.577841e-03 8.740486e-50 1.460895e+00
4.620241e-03 1.190379e-49 1.460895e+00
4.663035e-03 1.621191e-49 1.460895e+00
4.706225e-03 2.207918e-49 1.460895e+00
4.749815e-03 3.006995e-49 1.460895e+00
4.793808e-03 4.095276e-49 1.460895e+00
4.838210e-03 5.577422e-49 1.460895e+00
4.883022e-03 7.595970e-49 1.460895e+00
4.928250e-03 1.034503e-48 1.460895e+00
4.973896e-03 1.408902e-48 1.460895e+00
5.019965e-03 1.918806e-48 1.460895e+00
5.066461e-03 2.613257e-48 1.460895e+00
5.113388e-03 3.559031e-48 1.460895e+00
5.160749e-03 4.847085e-48 1.460895e+00
5.208549e-03 6.601300e-48 1.460895e+00
5.256791e-03 8.990401e-48 1.460895e+00
5.305481e-03 1.224417e-47 1.460895e+00
5.354621e-03 1.667555e-47 1.460895e+00
5.404216e-03 2.271069e-47 1.460895e+00
5.454271e-03 3.092999e-47 1.460895e+00
5.504790e-03 4.212390e-47 1.460895e+00
5.555776e-03 5.736903e-47 1.460895e+00
5.607235e-03 7.813173e-47 1.460895e+00
5.659170e-03 1.064089e-46 1.460895e+00
5.711586e-03 1.449197e-46 1.460895e+00
5.764488e-03 1.973681e-46 1.460895e+00
5.817880e-03 2.687986e-46 1.460895e+00
5.871766e-03 3.660809e-46 1.460895e+00
5.926152e-03 4.985697e-46 1.460895e+00
5.981041e-03 6.790075e-46 1.460895e+00
6.036439e-03 9.247505e-46 1.460895e+00
6.092349e-03 1.259433e-45 1.460895e+00
6.148778e-03 1.715241e-45 1.460895e+00
6.205729e-03 2.336010e-45 1.460895e+00
6.263207e-03 3.181444e-45 1.460895e+00
6.321218e-03 4.332855e-45 1.460895e+00
6.379767e-03 5.900974e-45 1.460895e+00
6.438857e-03 8.036610e-45 1.460895e+00
6.498495e-03 1.094515e-44 1.460895e+00
6.558686e-03 1.490634e-44 1.460895e+00
6.619433e-03 2.030114e-44 1.460895e+00
6.680744e-03 2.764843e-44 1.460895e+00
6.742622e-03 3.765485e-44 1.460895e+00
6.805074e-03 5.128273e-44 1.460895e+00
6.868104e-03 6.984259e-44 1.460895e+00
6.931717e-03 9.511946e-44 1.460895e+00
6.995920e-03 1.295446e-43 1.460895e+00
7.060718e-03 1.764290e-43 1.460895e+00
7.126115e-03 2.402812e-43 1.460895e+00
7.192119e-03 3.272421e-43 1.460895e+00
7.258734e-03 4.456754e-43 1.460895e+00
7.325965e-03 6.069717e-43 1.460895e+00
7.393820e-03 8.266435e-43 1.460895e+00
7.462303e-03 1.125817e-42 1.460895e+00
7.531420e-03 1.533264e-42 1.460895e+00
7.601178e-03 2.088171e-42 1.460895e+00
7.671581e-03 2.843909e-42 1.460895e+00
7.742637e-03 3.873163e-42 1.460895e+00
7.814351e-03 5.274913e-42 1.460895e+00
7.886729e-03 7.183970e-42 1.460895e+00
7.959777e-03 9.783948e-42 1.460895e+00
8.033502e-03 1.332490e-41 1.460895e+00
8.107910e-03 1.814736e-41 1.460895e+00
8.183007e-03 2.471513e-41 1.460895e+00
8.258799e-03 3.365991e-41 1.460895e+00
8.335294e-03 4.584197e-41 1.460895e+00
8.412497e-03 6.243278e-41 1.460895e+00
8.490415e-03 8.502794e-41 1.460895e+00
8.569055e-03 1.158007e-40 1.460895e+00
8.648423e-03 1.577107e-40 1.460895e+00
8.728527e-03 2.147885e-40 1.460895e+00
8.809372e-03 2.925234e-40 1.460895e+00
8.890966e-03 3.983915e-40 1.460895e+00
8.973316e-03 5.425749e-40 1.460895e+00
9.056428e-03 7.389413e-40 1.460895e+00
9.140311e-03 1.006376e-39 1.460895e+00
9.224970e-03 1.370598e-39 1.460895e+00
9.310413e-03 1.866634e-39 1.460895e+00
9.396648e-03 2.542193e-39 1.460895e+00
9.483682e-03 3.462247e-39 1.460895e+00
9.571522e-03 4.715284e-39 1.460895e+00
9.660175e-03 6.421811e-39 1.460895e+00
9.749649e-03 8.745952e-39 1.460895e+00
9.839952e-03 1.191123e-38 1.460895e+00
9.931092e-03 1.622207e-38 1.460895e+00
1.002308e-02 2.209310e-38 1.460895e+00
1.011591e-02 3.008899e-38 1.460895e+00
1.020961e-02 4.097872e-38 1.460895e+00
1.030417e-02 5.580938e-38 1.460895e+00
1.039961e-02 7.600727e-38 1.460895e+00
1.049593e-02 1.035152e-37 1.460895e+00
1.059315e-02 1.409787e-37 1.460895e+00
1.069126e-02 1.920000e-37 1.460895e+00
1.079029e-02 2.614862e-37 1.460895e+00
1.089023e-02 3.561212e-37 1.460895e+00
1.099110e-02 4.850084e-37 1.460895e+00
1.109290e-02 6.605453e-37 1.460895e+00
1.119564e-02 8.996135e-37 1.460895e+00
1.129934e-02 1.225200e-36 1.460895e+00
1.140400e-02 1.668611e-36 1.460895e+00
1.150962e-02 2.272484e-36 1.460895e+00
1.161623e-02 3.094900e-36 1.460895e+00
1.172382e-02 4.214975e-36 1.460895e+00
1.183241e-02 5.740449e-36 1.460895e+00
1.194200e-02 7.818034e-36 1.460895e+00
1.205261e-02 1.064752e-35 1.460895e+00
1.216424e-02 1.450100e-35 1.460895e+00
1.227691e-02 1.974906e-35 1.460895e+00
1.239062e-02 2.689650e-35 1.460895e+00
1.250539e-02 3.663085e-35 1.460895e+00
1.262121e-02 4.988839e-35 1.460895e+00
1.273811e-02 6.794396e-35 1.460895e+00
1.285610e-02 9.253323e-35 1.460895e+00
1.297517e-02 1.260211e-34 1.460895e+00
1.309535e-02 1.716304e-34 1.460895e+00
1.321664e-02 2.337481e-34 1.460895e+00
1.333906e-02 3.183461e-34 1.460895e+00
1.346261e-02 4.335596e-34 1.460895e+00
1.358730e-02 5.904708e-34 1.460895e+00
1.371315e-02 8.041694e-34 1.460895e+00
1.384016e-02 1.095200e-33 1.460895e+00
1.396835e-02 1.491555e-33 1.460895e+00
1.409773e-02 2.031375e-33 1.460895e+00
1.422830e-02 2.766578e-33 1.460895e+00
1.436009e-02 3.767832e-33 1.460895e+00
1.449310e-02 5.131424e-33 1.460895e+00
1.462733e-02 6.988572e-33 1.460895e+00
1.476281e-02 9.517919e-33 1.460895e+00
1.489955e-02 1.296264e-32 1.460895e+00
1.503755e-02 1.765396e-32 1.460895e+00
1.517683e-02 2.404306e-32 1.460895e+00
1.531740e-02 3.274444e-32 1.460895e+00
1.545928e-02 4.459504e-32 1.460895e+00
1.560246e-02 6.073457e-32 1.460895e+00
1.574698e-02 8.271509e-32 1.460895e+00
1.589283e-02 1.126508e-31 1.460895e+00
1.604003e-02 1.534217e-31 1.460895e+00
1.618860e-02 2.089493e-31 1.460895e+00
1.633854e-02 2.845726e-31 1.460895e+00
1.648987e-02 3.875626e-31 1.460895e+00
1.664260e-02 5.278232e-31 1.460895e+00
1.679675e-02 7.188449e-31 1.460895e+00
1.695232e-02 9.790046e-31 1.460895e+00
1.710934e-02 1.333325e-30 1.460895e+00
1.726781e-02 1.815872e-30 1.460895e+00
1.742775e-02 2.473055e-30 1.460895e+00
1.758917e-02 3.368091e-30 1.460895e+00
1.775208e-02 4.587065e-30 1.460895e+00
1.791650e-02 6.247179e-30 1.460895e+00
1.808245e-02 8.508096e-30 1.460895e+00
1.824993e-02 1.158733e-29 1.460895e+00
1.841897e-02 1.578106e-29 1.460895e+00
1.858957e-02 2.149250e-29 1.460895e+00
1.876175e-02 2.927090e-29 1.460895e+00
1.893552e-02 3.986448e-29 1.460895e+00
1.911091e-02 5.429205e-29 1.460895e+00
1.928792e-02 7.394064e-29 1.460895e+00
1.946656e-02 1.006999e-28 1.460895e+00
1.964687e-02 1.371443e-28 1.460895e+00
1.982884e-02 1.867795e-28 1.460895e+00
2.001250e-02 2.543778e-28 1.460895e+00
2.019786e-02 3.464400e-28 1.460895e+00
2.038493e-02 4.718211e-28 1.460895e+00
2.057374e-02 6.425804e-28 1.460895e+00
2.076430e-02 8.751400e-28 1.460895e+00
2.095662e-02 1.191866e-27 1.460895e+00
2.115073e-02 1.623223e-27 1.460895e+00
2.134663e-02 2.210695e-27 1.460895e+00
2.154435e-02 3.010774e-27 1.460895e+00
2.174389e-02 4.100407e-27 1.460895e+00
2.194529e-02 5.584394e-27 1.460895e+00
2.214855e-02 7.605458e-27 1.460895e+00
2.235370e-02 1.035795e-26 1.460895e+00
2.256074e-02 1.410662e-26 1.460895e+00
2.276970e-02 1.921209e-26 1.460895e+00
2.298060e-02 2.616539e-26 1.460895e+00
2.319345e-02 3.563495e-26 1.460895e+00
2.340827e-02 4.853139e-26 1.460895e+00
2.362508e-02 6.609542e-26 1.460895e+00
2.384390e-02 9.001655e-26 1.460895e+00
2.406475e-02 1.225951e-25 1.460895e+00
2.428764e-02 1.669641e-25 1.460895e+00
2.451260e-02 2.273911e-25 1.460895e+00
2.473964e-02 3.096877e-25 1.460895e+00
2.496878e-02 4.217679e-25 1.460895e+00
2.520005e-02 5.744108e-25 1.460895e+00
2.543346e-02 7.822986e-25 1.460895e+00
2.566903e-02 1.065425e-24 1.460895e+00
2.590678e-02 1.451014e-24 1.460895e+00
2.614673e-02 1.976150e-24 1.460895e+00
2.638891e-02 2.691346e-24 1.460895e+00
2.663333e-02 3.665391e-24 1.460895e+00
2.688001e-02 4.991946e-24 1.460895e+00
2.712898e-02 6.798581e-24 1.460895e+00
2.738025e-02 9.259060e-24 1.460895e+00
2.763385e-02 1.261004e-23 1.460895e+00
2.788980e-02 1.717385e-23 1.460895e+00
2.814812e-02 2.338939e-23 1.460895e+00
2.840884e-02 3.185436e-23 1.460895e+00
2.867196e-02 4.338281e-23 1.460895e+00
2.893753e-02 5.908355e-23 1.460895e+00
2.920556e-02 8.046667e-23 1.460895e+00
2.947606e-02 1.095887e-22 1.460895e+00
2.974908e-02 1.492507e-22 1.460895e+00
3.002462e-02 2.032671e-22 1.460895e+00
3.030271e-02 2.768327e-22 1.460895e+00
3.058338e-02 3.770212e-22 1.460895e+00
3.086665e-02 5.134677e-22 1.460895e+00
3.115254e-02 6.992979e-22 1.460895e+00
3.144108e-02 9.523866e-22 1.460895e+00
3.173230e-02 1.297073e-21 1.460895e+00
3.202621e-02 1.766504e-21 1.460895e+00
3.232284e-02 2.405818e-21 1.460895e+00
3.262222e-02 3.276501e-21 1.460895e+00
3.292437e-02 4.462313e-21 1.460895e+00
3.322933e-02 6.077308e-21 1.460895e+00
3.353710e-02 8.276766e-21 1.460895e+00
3.384773e-02 1.127221e-20 1.460895e+00
3.416123e-02 1.535180e-20 1.460895e+00
3.447764e-02 2.090794e-20 1.460895e+00
3.479698e-02 2.847483e-20 1.460895e+00
3.511928e-02 3.878016e-20 1.460895e+00
3.544456e-02 5.281525e-20 1.460895e+00
3.577285e-02 7.193000e-20 1.460895e+00
3.610419e-02 9.796239e-20 1.460895e+00
3.643859e-02 1.334159e-19 1.460895e+00
3.677609e-02 1.817010e-19 1.460895e+00
3.711672e-02 2.474619e-19 1.460895e+00
3.746050e-02 3.370217e-19 1.460895e+00
3.780747e-02 4.589933e-19 1.460895e+00
3.815765e-02 6.251089e-19 1.460895e+00
3.851107e-02 8.513461e-19 1.460895e+00
3.886777e-02 1.159462e-18 1.460895e+00
3.922777e-02 1.579089e-18 1.460895e+00
3.959110e-02 2.150580e-18 1.460895e+00
3.995780e-02 2.928899e-18 1.460895e+00
4.032790e-02 3.988904e-18 1.460895e+00
4.070142e-02 5.432543e-18 1.460895e+00
4.107841e-02 7.398649e-18 1.460895e+00
4.145888e-02 1.007631e-17 1.460895e+00
4.184289e-02 1.372309e-17 1.460895e+00
4.223044e-02 1.868971e-17 1.460895e+00
4.262159e-02 2.545377e-17 1.460895e+00
4.301636e-02 3.466578e-17 1.460895e+00
4.341478e-02 4.721188e-17 1.460895e+00
4.381690e-02 6.429874e-17 1.460895e+00
4.422274e-02 8.756928e-17 1.460895e+00
4.463234e-02 1.192614e-16 1.460895e+00
4.504573e-02 1.624237e-16 1.460895e+00
4.546295e-02 2.212078e-16 1.460895e+00
4.588404e-02 3.012660e-16 1.460895e+00
4.630903e-02 4.102972e-16 1.460895e+00
4.673795e-02 5.587887e-16 1.460895e+00
4.717085e-02 7.610229e-16 1.460895e+00
4.760775e-02 1.036450e-15 1.460895e+00
4.804870e-02 1.411558e-15 1.460895e+00
4.849374e-02 1.922422e-15 1.460895e+00
4.894290e-02 2.618171e-15 1.460895e+00
4.939622e-02 3.565720e-15 1.460895e+00
4.985373e-02 4.856201e-15 1.460895e+00
5.031549e-02 6.613726e-15 1.460895e+00
5.078152e-02 9.007325e-15 1.460895e+00
5.125187e-02 1.226720e-14 1.460895e+00
5.172657e-02 1.670686e-14 1.460895e+00
5.220568e-02 2.275330e-14 1.460895e+00
5.268921e-02 3.098805e-14 1.460895e+00
5.317723e-02 4.220312e-14 1.460895e+00
5.366977e-02 5.747709e-14 1.460895e+00
5.416687e-02 7.827875e-14 1.460895e+00
5.466857e-02 1.066086e-13 1.460895e+00
5.517492e-02 1.451916e-13 1.460895e+00
5.568596e-02 1.977386e-13 1.460895e+00
5.620174e-02 2.693030e-13 1.460895e+00
5.672229e-02 3.667675e-13 1.460895e+00
5.724766e-02 4.995061e-13 1.460895e+00
5.777790e-02 6.802850e-13 1.460895e+00
5.831305e-02 9.264898e-13 1.460895e+00
5.885316e-02 1.261798e-12 1.460895e+00
5.939827e-02 1.718460e-12 1.460895e+00
5.994843e-02 2.340395e-12 1.460895e+00
6.050368e-02 3.187417e-12 1.460895e+00
6.106408e-02 4.340987e-12 1.460895e+00
6.162966e-02 5.912045e-12 1.460895e+00
6.220049e-02 8.051693e-12 1.460895e+00
6.277660e-02 1.096573e-11 1.460895e+00
6.335805e-02 1.493442e-11 1.460895e+00
6.394488e-02 2.033939e-11 1.460895e+00
6.453715e-02 2.770044e-11 1.460895e+00
6.513491e-02 3.772557e-11 1.460895e+00
6.573820e-02 5.137903e-11 1.460895e+00
6.634708e-02 6.997392e-11 1.460895e+00
6.696160e-02 9.529852e-11 1.460895e+00
6.758181e-02 1.297883e-10 1.460895e+00
6.820777e-02 1.767602e-10 1.460895e+00
6.883952e-02 2.407319e-10 1.460895e+00
6.947713e-02 3.278560e-10 1.460895e+00
7.012064e-02 4.465116e-10 1.460895e+00
7.077011e-02 6.081105e-10 1.460895e+00
7.142559e-02 8.281948e-10 1.460895e+00
7.208715e-02 1.127931e-09 1.460895e+00
7.275484e-02 1.536146e-09 1.460895e+00
7.342870e-02 2.092098e-09 1.460895e+00
7.410882e-02 2.849259e-09 1.460895e+00
7.479523e-02 3.880449e-09 1.460895e+00
7.548799e-02 5.284838e-09 1.460895e+00
7.618718e-02 7.197489e-09 1.460895e+00
7.689284e-02 9.802350e-09 1.460895e+00
7.760503e-02 1.334995e-08 1.460895e+00
7.832383e-02 1.818147e-08 1.460895e+00
7.904928e-02 2.476160e-08 1.460896e+00
7.978145e-02 3.372318e-08 1.460893e+00
8.052040e-02 4.592809e-08 1.460892e+00
8.126619e-02 6.255006e-08 1.460901e+00
8.201889e-02 8.518782e-08 1.460905e+00
8.277857e-02 1.160191e-07 1.460872e+00
8.354528e-02 1.580084e-07 1.460856e+00
8.431909e-02 2.151901e-07 1.460980e+00
8.510007e-02 2.930673e-07 1.461041e+00
8.588829e-02 3.991568e-07 1.460579e+00
8.668380e-02 5.436343e-07 1.460349e+00
8.748668e-02 7.402136e-07 1.462071e+00
8.829700e-02 1.007990e-06 1.462937e+00
8.911482e-02 1.373969e-06 1.456531e+00
8.994022e-02 1.872043e-06 1.453285e+00
9.077327e-02 2.541468e-06 1.477227e+00
9.161402e-02 3.455597e-06 1.489704e+00
9.246257e-02 4.762276e-06 1.396705e+00
9.331898e-02 6.525940e-06 1.235905e+00
9.418332e-02 8.475626e-06 1.131266e+00
9.505566e-02 1.035116e-05 1.098611e+00
9.593608e-02 1.227435e-05 1.085431e+00
9.682466e-02 1.436182e-05 1.070504e+00
9.772147e-02 1.656335e-05 1.060510e+00
9.862658e-02 1.884738e-05 1.057078e+00
9.954008e-02 2.123960e-05 1.056073e+00
1.004620e-01 2.376117e-05 1.055445e+00
1.013925e-01 2.641219e-05 1.055412e+00
1.023317e-01 2.919689e-05 1.055936e+00
1.032795e-01 3.212626e-05 1.056638e+00
1.042361e-01 3.521166e-05 1.057310e+00
1.052015e-01 3.846270e-05 1.057935e+00
1.061759e-01 4.189049e-05 1.058494e+00
1.071593e-01 4.550749e-05 1.058954e+00
1.081519e-01 4.932726e-05 1.059303e+00
1.091536e-01 5.336392e-05 1.059547e+00
1.101646e-01 5.763292e-05 1.059692e+00
1.111850e-01 6.215071e-05 1.059747e+00
1.122148e-01 6.693521e-05 1.059722e+00
1.132541e-01 7.200564e-05 1.059627e+00
1.143031e-01 7.738284e-05 1.059472e+00
1.153618e-01 8.308916e-05 1.059269e+00
1.164303e-01 8.914840e-05 1.059026e+00
1.175087e-01 9.558565e-05 1.058755e+00
1.185971e-01 1.024283e-04 1.058462e+00
1.196956e-01 1.097060e-04 1.058155e+00
1.208042e-01 1.174506e-04 1.057842e+00
1.219231e-01 1.256951e-04 1.057528e+00
1.230524e-01 1.344754e-04 1.057219e+00
1.241921e-01 1.438305e-04 1.056918e+00
1.253424e-01 1.538013e-04 1.056629e+00
1.265034e-01 1.644314e-04 1.056356e+00
1.276751e-01 1.757676e-04 1.056101e+00
1.288576e-01 1.878605e-04 1.055865e+00
1.300511e-01 2.007636e-04 1.055648e+00
1.312557e-01 2.145331e-04 1.055453e+00
1.324714e-01 2.292294e-04 1.055278e+00
1.336984e-01 2.449175e-04 1.055124e+00
1.349367e-01 2.616663e-04 1.054991e+00
1.361865e-01 2.795487e-04 1.054876e+00
1.374479e-01 2.986422e-04 1.054778e+00
1.387210e-01 3.190294e-04 1.054697e+00
1.400058e-01 3.407981e-04 1.054632e+00
1.413026e-01 3.640423e-04 1.054581e+00
1.426114e-01 3.888609e-04 1.054542e+00
1.439323e-01 4.153585e-04 1.054515e+00
1.452654e-01 4.436467e-04 1.054497e+00
1.466109e-01 4.738456e-04 1.054487e+00
1.479688e-01 5.060809e-04 1.054484e+00
1.493393e-01 5.404838e-04 1.054487e+00
1.507225e-01 5.771951e-04 1.054495e+00
1.521186e-01 6.163667e-04 1.054506e+00
1.535275e-01 6.581571e-04 1.054520e+00
1.549495e-01 7.027318e-04 1.054535e+00
1.563847e-01 7.502676e-04 1.054552e+00
1.578331e-01 8.009553e-04 1.054569e+00
1.592950e-01 8.549943e-04 1.054585e+00
1.607704e-01 9.125914e-04 1.054601e+00
1.622595e-01 9.739673e-04 1.054616e+00
1.637624e-01 1.039358e-03 1.054629e+00
1.652792e-01 1.109014e-03 1.054640e+00
1.668101e-01 1.183197e-03 1.054649e+00
1.683551e-01 1.262183e-03 1.054655e+00
1.699144e-01 1.346259e-03 1.054660e+00
1.714882e-01 1.435734e-03 1.054661e+00
1.730766e-01 1.530935e-03 1.054660e+00
1.746796e-01 1.632208e-03 1.054657e+00
1.762975e-01 1.739907e-03 1.054651e+00
1.779304e-01 1.854414e-03 1.054643e+00
1.795785e-01 1.976132e-03 1.054633e+00
1.812418e-01 2.105484e-03 1.054621e+00
1.829205e-01 2.242913e-03 1.054607e+00
1.846147e-01 2.388886e-03 1.054590e+00
1.863246e-01 2.543900e-03 1.054572e+00
1.880504e-01 2.708472e-03 1.054551e+00
1.897922e-01 2.883147e-03 1.054530e+00
1.915501e-01 3.068497e-03 1.054507e+00
1.933242e-01 3.265131e-03 1.054482e+00
1.951148e-01 3.473688e-03 1.054456e+00
1.969220e-01 3.694834e-03 1.054429e+00
1.987460e-01 3.929269e-03 1.054401e+00
2.005868e-01 4.177724e-03 1.054373e+00
2.024447e-01 4.440973e-03 1.054343e+00
2.043197e-01 4.719841e-03 1.054313e+00
2.062122e-01 5.015185e-03 1.054282e+00
2.081222e-01 5.327892e-03 1.054251e+00
2.100498e-01 5.658899e-03 1.054219e+00
2.119953e-01 6.009204e-03 1.054188e+00
2.139589e-01 6.379842e-03 1.054156e+00
2.159406e-01 6.771889e-03 1.054124e+00
2.179407e-01 7.186484e-03 1.054091e+00
2.199593e-01 7.624839e-03 1.054059e+00
2.219966e-01 8.088208e-03 1.054026e+00
2.240528e-01 8.577883e-03 1.053994e+00
2.261280e-01 9.095232e-03 1.053961e+00
2.282224e-01 9.641718e-03 1.053929e+00
2.303363e-01 1.021886e-02 1.053897e+00
2.324697e-01 1.082822e-02 1.053865e+00
2.346229e-01 1.147143e-02 1.053833e+00
2.367960e-01 1.215024e-02 1.053801e+00
2.389893e-01 1.286645e-02 1.053770e+00
2.412028e-01 1.362198e-02 1.053739e+00
2.434369e-01 1.441881e-02 1.053708e+00
2.456916e-01 1.525900e-02 1.053678e+00
2.479673e-01 1.614471e-02 1.053648e+00
2.502640e-01 1.707820e-02 1.053618e+00
2.525820e-01 1.806184e-02 1.053588e+00
2.549215e-01 1.909812e-02 1.053558e+00
2.572826e-01 2.018963e-02 1.053529e+00
2.596656e-01 2.133904e-02 1.053501e+00
2.620707e-01 2.254918e-02 1.053472e+00
2.644980e-01 2.382300e-02 1.053444e+00
2.669478e-01 2.516360e-02 1.053415e+00
2.694204e-01 2.657416e-02 1.053387e+00
2.719158e-01 2.805801e-02 1.053360e+00
2.744343e-01 2.961869e-02 1.053332e+00
2.769762e-01 3.125982e-02 1.053305e+00
2.795416e-01 3.298519e-02 1.053278e+00
2.821308e-01 3.479875e-02 1.053251e+00
2.847439e-01 3.670465e-02 1.053225e+00
2.873813e-01 3.870721e-02 1.053198e+00
2.900430e-01 4.081095e-02 1.053172e+00
2.927295e-01 4.302052e-02 1.053146e+00
2.954408e-01 4.534076e-02 1.053120e+00
2.981772e-01 4.777674e-02 1.053094e+00
3.009390e-01 5.033376e-02 1.053068e+00
3.037264e-01 5.301734e-02 1.053043e+00
3.065395e-01 5.583321e-02 1.053018e+00
3.093788e-01 5.878736e-02 1.052993e+00
3.122443e-01 6.188598e-02 1.052968e+00
3.151363e-01 6.513552e-02 1.052943e+00
3.180552e-01 6.854269e-02 1.052918e+00
3.210011e-01 7.211448e-02 1.052893e+00
3.239743e-01 7.585815e-02 1.052869e+00
3.269750e-01 7.978127e-02 1.052844e+00
3.300035e-01 8.389167e-02 1.052820e+00
3.330600e-01 8.819750e-02 1.052795e+00
3.361449e-01 9.270728e-02 1.052771e+00
3.392583e-01 9.742983e-02 1.052747e+00
3.424006e-01 1.023743e-01 1.052723e+00
3.455720e-01 1.075503e-01 1.052700e+00
3.487727e-01 1.129674e-01 1.052676e+00
3.520031e-01 1.186360e-01 1.052652e+00
3.552635e-01 1.245668e-01 1.052629e+00
3.585540e-01 1.307709e-01 1.052606e+00
3.618750e-01 1.372597e-01 1.052583e+00
3.652267e-01 1.440449e-01 1.052559e+00
3.686095e-01 1.511390e-01 1.052536e+00
3.720237e-01 1.585549e-01 1.052513e+00
3.754694e-01 1.663056e-01 1.052490e+00
3.789471e-01 1.744049e-01 1.052467e+00
3.824570e-01 1.828671e-01 1.052444e+00
3.859994e-01 1.917071e-01 1.052422e+00
3.895746e-01 2.009401e-01 1.052399e+00
3.931829e-01 2.105817e-01 1.052377e+00
3.968246e-01 2.206486e-01 1.052354e+00
4.005001e-01 2.311577e-01 1.052332e+00
4.042096e-01 2.421266e-01 1.052310e+00
4.079535e-01 2.535736e-01 1.052288e+00
4.117320e-01 2.655175e-01 1.052266e+00
4.155455e-01 2.779775e-01 1.052245e+00
4.193944e-01 2.909742e-01 1.052224e+00
4.232789e-01 3.045284e-01 1.052203e+00
4.271994e-01 3.186616e-01 1.052182e+00
4.311562e-01 3.333962e-01 1.052161e+00
4.351497e-01 3.487552e-01 1.052140e+00
4.391801e-01 3.647625e-01 1.052119e+00
4.432479e-01 3.814428e-01 1.052098e+00
4.473533e-01 3.988216e-01 1.052077e+00
4.514968e-01 4.169252e-01 1.052057e+00
4.556786e-01 4.357808e-01 1.052037e+00
4.598992e-01 4.554165e-01 1.052017e+00
4.641589e-01 4.758615e-01 1.051998e+00
4.684580e-01 4.971455e-01 1.051979e+00
4.727970e-01 5.192993e-01 1.051959e+00
4.771761e-01 5.423548e-01 1.051940e+00
4.815958e-01 5.663451e-01 1.051921e+00
4.860564e-01 5.913042e-01 1.051902e+00
4.905584e-01 6.172673e-01 1.051883e+00
4.951020e-01 6.442703e-01 1.051864e+00
4.996877e-01 6.723502e-01 1.051845e+00
5.043159e-01 7.015456e-01 1.051827e+00
5.089870e-01 7.318962e-01 1.051809e+00
5.137014e-01 7.634423e-01 1.051791e+00
5.184594e-01 7.962260e-01 1.051774e+00
5.232614e-01 8.302910e-01 1.051757e+00
5.281080e-01 8.656821e-01 1.051740e+00
5.329994e-01 9.024448e-01 1.051723e+00
5.379362e-01 9.406261e-01 1.051706e+00
5.429186e-01 9.802747e-01 1.051689e+00
5.479472e-01 1.021441e+00 1.051672e+00
5.530224e-01 1.064176e+00 1.051656e+00
5.581446e-01 1.108533e+00 1.051639e+00
5.633143e-01 1.154567e+00 1.051623e+00
5.685318e-01 1.202333e+00 1.051608e+00
5.737976e-01 1.251889e+00 1.051592e+00
5.791123e-01 1.303295e+00 1.051577e+00
5.844761e-01 1.356612e+00 1.051561e+00
5.898896e-01 1.411901e+00 1.051546e+00
5.953533e-01 1.469228e+00 1.051531e+00
6.008676e-01 1.528658e+00 1.051516e+00
6.064329e-01 1.590259e+00 1.051502e+00
6.120498e-01 1.654100e+00 1.051488e+00
6.177188e-01 1.720254e+00 1.051474e+00
6.234402e-01 1.788793e+00 1.051460e+00
6.292146e-01 1.859794e+00 1.051446e+00
6.350425e-01 1.933334e+00 1.051432e+00
6.409244e-01 2.009491e+00 1.051418e+00
6.468608e-01 2.088347e+00 1.051404e+00
6.528521e-01 2.169986e+00 1.051391e+00
6.588990e-01 2.254495e+00 1.051378e+00
6.650018e-01 2.341959e+00 1.051365e+00
6.711612e-01 2.432468e+00 1.051353e+00
6.773776e-01 2.526116e+00 1.051340e+00
6.836516e-01 2.622996e+00 1.051328e+00
6.899837e-01 2.723205e+00 1.051315e+00
6.963745e-01 2.826843e+00 1.051303e+00
7.028244e-01 2.934011e+00 1.051292e+00
7.093341e-01 3.044813e+00 1.051279e+00
7.159041e-01 3.159355e+00 1.051268e+00
7.225349e-01 3.277745e+00 1.051256e+00
7.292272e-01 3.400096e+00 1.051245e+00
7.359814e-01 3.526522e+00 1.051233e+00
7.427982e-01 3.657138e+00 1.051222e+00
7.496782e-01 3.792065e+00 1.051211e+00
7.566219e-01 3.931423e+00 1.051200e+00
7.636298e-01 4.075339e+00 1.051190e+00
7.707027e-01 4.223939e+00 1.051179e+00
7.778411e-01 4.377355e+00 1.051169e+00
7.850456e-01 4.535718e+00 1.051158e+00
7.923169e-01 4.699164e+00 1.051148e+00
7.996555e-01 4.867832e+00 1.051137e+00
8.070620e-01 5.041866e+00 1.051127e+00
8.145372e-01 5.221409e+00 1.051117e+00
8.220816e-01 5.406609e+00 1.051108e+00
8.296959e-01 5.597616e+00 1.051098e+00
8.373807e-01 5.794586e+00 1.051089e+00
8.451366e-01 5.997676e+00 1.051080e+00
8.529644e-01 6.207046e+00 1.051071e+00
8.608648e-01 6.422859e+00 1.051062e+00
8.688383e-01 6.645282e+00 1.051053e+00
8.768856e-01 6.874485e+00 1.051044e+00
8.850075e-01 7.110644e+00 1.051035e+00
8.932046e-01 7.353933e+00 1.051027e+00
9.014776e-01 7.604532e+00 1.051018e+00
9.098273e-01 7.862626e+00 1.051010e+00
9.182543e-01 8.128402e+00 1.051002e+00
9.267593e-01 8.402052e+00 1.050994e+00
9.353432e-01 8.683768e+00 1.050986e+00
9.440065e-01 8.973748e+00 1.050978e+00
9.527500e-01 9.272194e+00 1.050970e+00
9.615746e-01 9.579312e+00 1.050963e+00
9.704809e-01 9.895310e+00 1.050956e+00
9.794697e-01 1.022040e+01 1.050949e+00
9.885417e-01 1.055479e+01 1.050942e+00
9.976978e-01 1.089871e+01 1.050935e+00
1.006939e+00 1.125240e+01 1.050928e+00
1.016265e+00 1.161606e+01 1.050921e+00
1.025678e+00 1.198992e+01 1.050915e+00
1.035178e+00 1.237421e+01 1.050908e+00
1.044766e+00 1.276919e+01 1.050903e+00
1.054443e+00 1.317510e+01 1.050897e+00
1.064209e+00 1.359219e+01 1.050890e+00
1.074066e+00 1.402071e+01 1.050885e+00
1.084014e+00 1.446091e+01 1.050879e+00
1.094055e+00 1.491304e+01 1.050874e+00
1.104188e+00 1.537738e+01 1.050868e+00
1.114415e+00 1.585418e+01 1.050863e+00
1.124737e+00 1.634371e+01 1.050858e+00
1.135155e+00 1.684627e+01 1.050853e+00
1.145669e+00 1.736215e+01 1.050848e+00
1.156280e+00 1.789160e+01 1.050844e+00
1.166990e+00 1.843490e+01 1.050840e+00
1.177799e+00 1.899235e+01 1.050835e+00
1.188708e+00 1.956428e+01 1.050830e+00
1.199718e+00 2.015096e+01 1.050826e+00
1.210830e+00 2.075270e+01 1.050823e+00
1.222045e+00 2.136981e+01 1.050819e+00
1.233363e+00 2.200259e+01 1.050815e+00
1.244787e+00 2.265138e+01 1.050811e+00
1.256317e+00 2.331650e+01 1.050808e+00
1.267953e+00 2.399828e+01 1.050805e+00
1.279697e+00 2.469704e+01 1.050802e+00
1.291550e+00 2.541312e+01 1.050799e+00
1.303512e+00 2.614688e+01 1.050796e+00
1.315586e+00 2.689865e+01 1.050793e+00
1.327771e+00 2.766878e+01 1.050791e+00
1.340069e+00 2.845763e+01 1.050789e+00
1.352481e+00 2.926554e+01 1.050787e+00
1.365008e+00 3.009290e+01 1.050785e+00
1.377651e+00 3.094006e+01 1.050782e+00
1.390411e+00 3.180739e+01 1.050781e+00
1.403289e+00 3.269528e+01 1.050779e+00
1.416287e+00 3.360411e+01 1.050778e+00
1.429405e+00 3.453430e+01 1.050776e+00
1.442644e+00 3.548620e+01 1.050775e+00
1.456006e+00 3.646020e+01 1.050774e+00
1.469492e+00 3.745672e+01 1.050773e+00
1.483103e+00 3.847620e+01 1.050772e+00
1.496839e+00 3.951901e+01 1.050771e+00
1.510703e+00 4.058555e+01 1.050770e+00
1.524696e+00 4.167626e+01 1.050770e+00
1.538818e+00 4.279159e+01 1.050770e+00
1.553071e+00 4.393197e+01 1.050770e+00
1.567455e+00 4.509782e+01 1.050770e+00
1.581973e+00 4.628959e+01 1.050770e+00
1.596626e+00 4.750772e+01 1.050770e+00
1.611414e+00 4.875265e+01 1.050770e+00
1.626340e+00 5.002482e+01 1.050770e+00
1.641403e+00 5.132473e+01 1.050771e+00
1.656606e+00 5.265288e+01 1.050772e+00
1.671950e+00 5.400971e+01 1.050773e+00
1.687436e+00 5.539567e+01 1.050774e+00
1.703065e+00 5.681125e+01 1.050775e+00
1.718839e+00 5.825697e+01 1.050777e+00
1.734759e+00 5.973331e+01 1.050778e+00
1.750827e+00 6.124076e+01 1.050780e+00
1.767044e+00 6.277983e+01 1.050782e+00
1.783410e+00 6.435103e+01 1.050784e+00
1.799929e+00 6.595485e+01 1.050786e+00
1.816600e+00 6.759180e+01 1.050789e+00
1.833425e+00 6.926244e+01 1.050792e+00
1.850407e+00 7.096732e+01 1.050794e+00
1.867546e+00 7.270696e+01 1.050798e+00
1.884843e+00 7.448189e+01 1.050801e+00
1.902301e+00 7.629267e+01 1.050805e+00
1.919921e+00 7.813985e+01 1.050808e+00
1.937703e+00 8.002397e+01 1.050812e+00
1.955651e+00 8.194560e+01 1.050815e+00
1.973764e+00 8.390534e+01 1.050820e+00
1.992046e+00 8.590375e+01 1.050825e+00
2.010496e+00 8.794137e+01 1.050830e+00
2.029118e+00 9.001876e+01 1.050835e+00
2.047912e+00 9.213655e+01 1.050840e+00
2.066880e+00 9.429540e+01 1.050845e+00
2.086024e+00 9.649587e+01 1.050851e+00
2.105345e+00 9.873857e+01 1.050857e+00
2.124845e+00 1.010241e+02 1.050863e+00
2.144526e+00 1.033530e+02 1.050870e+00
2.164389e+00 1.057260e+02 1.050877e+00
2.184436e+00 1.081438e+02 1.050884e+00
2.204669e+00 1.106069e+02 1.050891e+00
2.225089e+00 1.131160e+02 1.050899e+00
2.245698e+00 1.156716e+02 1.050907e+00
2.266498e+00 1.182744e+02 1.050916e+00
2.287491e+00 1.209258e+02 1.050925e+00
2.308678e+00 1.236263e+02 1.050935e+00
2.330061e+00 1.263734e+02 1.050945e+00
2.351643e+00 1.291684e+02 1.050954e+00
2.373424e+00 1.320245e+02 1.050965e+00
2.395407e+00 1.349400e+02 1.050976e+00
2.417594e+00 1.378668e+02 1.050987e+00
2.439986e+00 1.408147e+02 1.050998e+00
2.462586e+00 1.439742e+02 1.051011e+00
2.485395e+00 1.471846e+02 1.051024e+00
2.508415e+00 1.492407e+02 1.051033e+00
2.531648e+00 1.494502e+02 1.051034e+00
2.555097e+00 1.490122e+02 1.051032e+00
2.578763e+00 1.489554e+02 1.051032e+00
2.602648e+00 1.490727e+02 1.051032e+00
2.626754e+00 1.490881e+02 1.051032e+00
2.651084e+00 1.490566e+02 1.051032e+00
2.675638e+00 1.490525e+02 1.051032e+00
2.700421e+00 1.490609e+02 1.051032e+00
2.725433e+00 1.490620e+02 1.051032e+00
2.750676e+00 1.490598e+02 1.051032e+00
2.776153e+00 1.490595e+02 1.051032e+00
2.801867e+00 1.490601e+02 1.051032e+00
2.827818e+00 1.490601e+02 1.051032e+00
2.854010e+00 1.490600e+02 1.051032e+00
2.880444e+00 1.490600e+02 1.051032e+00
2.907123e+00 1.490600e+02 1.051032e+00
2.934050e+00 1.490600e+02 1.051032e+00
2.961225e+00 1.490600e+02 1.051032e+00
2.988653e+00 1.490600e+02 1.051032e+00
3.016334e+00 1.490600e+02 1.051032e+00
3.044272e+00 1.490600e+02 1.051032e+00
3.072469e+00 1.490600e+02 1.051032e+00
3.100927e+00 1.490600e+02 1.051032e+00
3.129648e+00 1.490600e+02 1.051032e+00
3.158635e+00 1.490600e+02 1.051032e+00
3.187891e+00 1.490600e+02 1.051032e+00
3.217418e+00 1.490600e+02 1.051032e+00
3.247218e+00 1.490600e+02 1.051032e+00
3.277295e+00 1.490600e+02 1.051032e+00
3.307650e+00 1.490600e+02 1.051032e+00
3.338286e+00 1.490600e+02 1.051032e+00
3.369206e+00 1.490600e+02 1.051032e+00
3.400412e+00 1.490600e+02 1.051032e+00
3.431907e+00 1.490600e+02 1.051032e+00
3.463694e+00 1.490600e+02 1.051032e+00
3.495776e+00 1.490600e+02 1.051032e+00
3.528154e+00 1.490600e+02 1.051032e+00
3.560833e+00 1.490600e+02 1.051032e+00
3.593814e+00 1.490600e+02 1.051032e+00
3.627100e+00 1.490600e+02 1.051032e+00
3.660695e+00 1.490600e+02 1.051032e+00
3.694601e+00 1.490600e+02 1.051032e+00
3.728821e+00 1.490600e+02 1.051032e+00
3.763358e+00 1.490600e+02 1.051032e+00
3.798215e+00 1.490600e+02 1.051032e+00
3.833395e+00 1.490600e+02 1.051032e+00
3.868901e+00 1.490600e+02 1.051032e+00
3.904735e+00 1.490600e+02 1.051032e+00
3.940902e+00 1.490600e+02 1.051032e+00
3.977403e+00 1.490600e+02 1.051032e+00
4.014242e+00 1.490600e+02 1.051032e+00
4.051423e+00 1.490600e+02 1.051032e+00
4.088948e+00 1.490600e+02 1.051032e+00
4.126821e+00 1.490600e+02 1.051032e+00
4.165044e+00 1.490600e+02 1.051032e+00
4.203622e+00 1.490600e+02 1.051032e+00
4.242556e+00 1.490600e+02 1.051032e+00
4.281852e+00 1.490600e+02 1.051032e+00
4.321511e+00 1.490600e+02 1.051032e+00
4.361538e+00 1.490600e+02 1.051032e+00
4.401935e+00 1.490600e+02 1.051032e+00
4.442707e+00 1.490600e+02 1.051032e+00
4.483856e+00 1.490600e+02 1.051032e+00
4.525386e+00 1.490600e+02 1.051032e+00
4.567301e+00 1.490600e+02 1.051032e+00
4.609604e+00 1.490600e+02 1.051032e+00
4.652300e+00 1.490600e+02 1.051032e+00
4.695390e+00 1.490600e+02 1.051032e+00
4.738880e+00 1.490600e+02 1.051032e+00
4.782772e+00 1.490600e+02 1.051032e+00
4.827071e+00 1.490600e+02 1.051032e+00
4.871780e+00 1.490600e+02 1.051032e+00
4.916904e+00 1.490600e+02 1.051032e+00
4.962445e+00 1.490600e+02 1.051032e+00
5.008408e+00 1.490600e+02 1.051032e+00
5.054797e+00 1.490600e+02 1.051032e+00
5.101615e+00 1.490600e+02 1.051032e+00
5.148867e+00 1.490600e+02 1.051032e+00
5.196557e+00 1.490600e+02 1.051032e+00
5.244689e+00 1.490600e+02 1.051032e+00
5.293266e+00 1.490600e+02 1.051032e+00
5.342293e+00 1.490600e+02 1.051032e+00
5.391775e+00 1.490600e+02 1.051032e+00
5.441714e+00 1.490600e+02 1.051032e+00
5.492116e+00 1.490600e+02 1.051032e+00
5.542986e+00 1.490600e+02 1.051032e+00
5.594326e+00 1.490600e+02 1.051032e+00
5.646141e+00 1.490600e+02 1.051032e+00
5.698437e+00 1.490600e+02 1.051032e+00
5.751217e+00 1.490600e+02 1.051032e+00
5.804486e+00 1.490600e+02 1.051032e+00
5.858248e+00 1.490600e+02 1.051032e+00
5.912508e+00 1.490600e+02 1.051032e+00
5.967271e+00 1.490600e+02 1.051032e+00
6.022541e+00 1.490600e+02 1.051032e+00
6.078323e+00 1.490600e+02 1.051032e+00
6.134622e+00 1.490600e+02 1.051032e+00
6.191442e+00 1.490600e+02 1.051032e+00
6.248788e+00 1.490600e+02 1.051032e+00
6.306666e+00 1.490600e+02 1.051032e+00
6.365079e+00 1.490600e+02 1.051032e+00
6.424034e+00 1.490600e+02 1.051032e+00
6.483534e+00 1.490600e+02 1.051032e+00
6.543586e+00 1.490600e+02 1.051032e+00
6.604194e+00 1.490600e+02 1.051032e+00
6.665363e+00 1.490600e+02 1.051032e+00
6.727099e+00 1.490600e+02 1.051032e+00
6.789407e+00 1.490600e+02 1.051032e+00
6.852292e+00 1.490600e+02 1.051032e+00
6.915759e+00 1.490600e+02 1.051032e+00
6.979814e+00 1.490600e+02 1.051032e+00
7.044462e+00 1.490600e+02 1.051032e+00
7.109709e+00 1.490600e+02 1.051032e+00
7.175561e+00 1.490600e+02 1.051032e+00
7.242022e+00 1.490600e+02 1.051032e+00
7.309099e+00 1.490600e+02 1.051032e+00
7.376798e+00 1.490600e+02 1.051032e+00
7.445123e+00 1.490600e+02 1.051032e+00
7.514081e+00 1.490600e+02 1.051032e+00
7.583678e+00 1.490600e+02 1.051032e+00
7.653919e+00 1.490600e+02 1.051032e+00
7.724811e+00 1.490600e+02 1.051032e+00
7.796360e+00 1.490600e+02 1.051032e+00
7.868572e+00 1.490600e+02 1.051032e+00
7.941452e+00 1.490600e+02 1.051032e+00
8.015007e+00 1.490600e+02 1.051032e+00
8.089243e+00 1.490600e+02 1.051032e+00
8.164168e+00 1.490600e+02 1.051032e+00
8.239786e+00 1.490600e+02 1.051032e+00
8.316104e+00 1.490600e+02 1.051032e+00
8.393129e+00 1.490600e+02 1.051032e+00
8.470868e+00 1.490600e+02 1.051032e+00
8.549327e+00 1.490600e+02 1.051032e+00
8.628513e+00 1.490600e+02 1.051032e+00
8.708431e+00 1.490600e+02 1.051032e+00
8.789091e+00 1.490600e+02 1.051032e+00
8.870497e+00 1.490600e+02 1.051032e+00
8.952657e+00 1.490600e+02 1.051032e+00
9.035578e+00 1.490600e+02 1.051032e+00
9.119268e+00 1.490600e+02 1.051032e+00
9.203732e+00 1.490600e+02 1.051032e+00
9.288979e+00 1.490600e+02 1.051032e+00
9.375015e+00 1.490600e+02 1.051032e+00
9.461848e+00 1.490600e+02 1.051032e+00
9.549486e+00 1.490600e+02 1.051032e+00
9.637935e+00 1.490600e+02 1.051032e+00
9.727203e+00 1.490600e+02 1.051032e+00
9.817298e+00 1.490600e+02 1.051032e+00
9.908228e+00 1.490600e+02 1.051032e+00
1.000000e+01 1.490600e+02 1.051032e+00
