# He3 + n > t + p   [He3_n__t_p]   ref=Parthenope3.0 (Serpico et al 2004)
# Forward rate N_A<sigma v> [cm^3 mol^-1 s^-1] extracted from
# parthenope3.0.f (default PIS2020 nuclear-rate selection).
# error column = sqrt((1+drate_up)/(1+drate_lo)), the full Parthenope
# 1-sigma multiplicative envelope (statistical fp/fm + systematic floor).
# T9                 rate                error
1.000000e-03 6.915436e+08 1.002702e+00
1.009262e-03 6.914773e+08 1.002702e+00
1.018610e-03 6.914106e+08 1.002702e+00
1.028045e-03 6.913437e+08 1.002702e+00
1.037567e-03 6.912766e+08 1.002702e+00
1.047177e-03 6.912091e+08 1.002702e+00
1.056876e-03 6.911414e+08 1.002702e+00
1.066665e-03 6.910734e+08 1.002702e+00
1.076545e-03 6.910050e+08 1.002702e+00
1.086516e-03 6.909364e+08 1.002702e+00
1.096579e-03 6.908675e+08 1.002702e+00
1.106736e-03 6.907983e+08 1.002702e+00
1.116987e-03 6.907288e+08 1.002702e+00
1.127333e-03 6.906590e+08 1.002702e+00
1.137774e-03 6.905889e+08 1.002702e+00
1.148312e-03 6.905185e+08 1.002702e+00
1.158948e-03 6.904478e+08 1.002702e+00
1.169683e-03 6.903769e+08 1.002702e+00
1.180517e-03 6.903056e+08 1.002702e+00
1.191451e-03 6.902340e+08 1.002702e+00
1.202486e-03 6.901620e+08 1.002702e+00
1.213624e-03 6.900899e+08 1.002702e+00
1.224865e-03 6.900174e+08 1.002702e+00
1.236210e-03 6.899446e+08 1.002702e+00
1.247660e-03 6.898715e+08 1.002702e+00
1.259216e-03 6.897980e+08 1.002702e+00
1.270879e-03 6.897243e+08 1.002702e+00
1.282650e-03 6.896503e+08 1.002702e+00
1.294530e-03 6.895759e+08 1.002702e+00
1.306520e-03 6.895012e+08 1.002702e+00
1.318621e-03 6.894263e+08 1.002702e+00
1.330835e-03 6.893510e+08 1.002702e+00
1.343161e-03 6.892753e+08 1.002702e+00
1.355602e-03 6.891994e+08 1.002702e+00
1.368158e-03 6.891231e+08 1.002702e+00
1.380830e-03 6.890465e+08 1.002702e+00
1.393619e-03 6.889696e+08 1.002702e+00
1.406527e-03 6.888924e+08 1.002702e+00
1.419555e-03 6.888149e+08 1.002702e+00
1.432703e-03 6.887370e+08 1.002702e+00
1.445973e-03 6.886587e+08 1.002702e+00
1.459366e-03 6.885802e+08 1.002702e+00
1.472883e-03 6.885013e+08 1.002702e+00
1.486525e-03 6.884221e+08 1.002702e+00
1.500293e-03 6.883426e+08 1.002701e+00
1.514189e-03 6.882628e+08 1.002701e+00
1.528214e-03 6.881826e+08 1.002701e+00
1.542369e-03 6.881021e+08 1.002701e+00
1.556654e-03 6.880212e+08 1.002701e+00
1.571072e-03 6.879400e+08 1.002701e+00
1.585624e-03 6.878584e+08 1.002701e+00
1.600310e-03 6.877765e+08 1.002701e+00
1.615133e-03 6.876943e+08 1.002701e+00
1.630092e-03 6.876117e+08 1.002701e+00
1.645191e-03 6.875288e+08 1.002701e+00
1.660429e-03 6.874455e+08 1.002701e+00
1.675808e-03 6.873619e+08 1.002701e+00
1.691330e-03 6.872779e+08 1.002701e+00
1.706995e-03 6.871936e+08 1.002701e+00
1.722805e-03 6.871089e+08 1.002701e+00
1.738762e-03 6.870239e+08 1.002701e+00
1.754867e-03 6.869386e+08 1.002701e+00
1.771121e-03 6.868528e+08 1.002701e+00
1.787526e-03 6.867668e+08 1.002701e+00
1.804082e-03 6.866804e+08 1.002701e+00
1.820792e-03 6.865936e+08 1.002701e+00
1.837656e-03 6.865064e+08 1.002701e+00
1.854677e-03 6.864188e+08 1.002701e+00
1.871855e-03 6.863309e+08 1.002701e+00
1.889193e-03 6.862426e+08 1.002701e+00
1.906691e-03 6.861540e+08 1.002701e+00
1.924351e-03 6.860650e+08 1.002701e+00
1.942175e-03 6.859757e+08 1.002701e+00
1.960163e-03 6.858860e+08 1.002701e+00
1.978319e-03 6.857959e+08 1.002701e+00
1.996642e-03 6.857054e+08 1.002701e+00
2.015136e-03 6.856145e+08 1.002701e+00
2.033800e-03 6.855233e+08 1.002701e+00
2.052638e-03 6.854317e+08 1.002701e+00
2.071650e-03 6.853397e+08 1.002701e+00
2.090838e-03 6.852473e+08 1.002701e+00
2.110203e-03 6.851546e+08 1.002701e+00
2.129749e-03 6.850615e+08 1.002701e+00
2.149475e-03 6.849680e+08 1.002701e+00
2.169384e-03 6.848741e+08 1.002701e+00
2.189477e-03 6.847798e+08 1.002701e+00
2.209756e-03 6.846852e+08 1.002700e+00
2.230223e-03 6.845901e+08 1.002700e+00
2.250880e-03 6.844946e+08 1.002700e+00
2.271728e-03 6.843988e+08 1.002700e+00
2.292769e-03 6.843025e+08 1.002700e+00
2.314005e-03 6.842059e+08 1.002700e+00
2.335438e-03 6.841089e+08 1.002700e+00
2.357069e-03 6.840114e+08 1.002700e+00
2.378901e-03 6.839135e+08 1.002700e+00
2.400935e-03 6.838153e+08 1.002700e+00
2.423173e-03 6.837167e+08 1.002700e+00
2.445617e-03 6.836177e+08 1.002700e+00
2.468268e-03 6.835182e+08 1.002700e+00
2.491130e-03 6.834183e+08 1.002700e+00
2.514203e-03 6.833181e+08 1.002700e+00
2.537490e-03 6.832174e+08 1.002700e+00
2.560993e-03 6.831164e+08 1.002700e+00
2.584714e-03 6.830149e+08 1.002700e+00
2.608654e-03 6.829129e+08 1.002700e+00
2.632815e-03 6.828106e+08 1.002700e+00
2.657201e-03 6.827078e+08 1.002700e+00
2.681813e-03 6.826046e+08 1.002700e+00
2.706652e-03 6.825010e+08 1.002700e+00
2.731722e-03 6.823970e+08 1.002700e+00
2.757023e-03 6.822926e+08 1.002700e+00
2.782559e-03 6.821878e+08 1.002700e+00
2.808332e-03 6.820824e+08 1.002700e+00
2.834343e-03 6.819767e+08 1.002700e+00
2.860596e-03 6.818706e+08 1.002700e+00
2.887091e-03 6.817640e+08 1.002700e+00
2.913832e-03 6.816570e+08 1.002700e+00
2.940820e-03 6.815495e+08 1.002700e+00
2.968059e-03 6.814417e+08 1.002699e+00
2.995549e-03 6.813334e+08 1.002699e+00
3.023295e-03 6.812246e+08 1.002699e+00
3.051297e-03 6.811154e+08 1.002699e+00
3.079559e-03 6.810057e+08 1.002699e+00
3.108082e-03 6.808956e+08 1.002699e+00
3.136870e-03 6.807851e+08 1.002699e+00
3.165924e-03 6.806741e+08 1.002699e+00
3.195248e-03 6.805627e+08 1.002699e+00
3.224842e-03 6.804508e+08 1.002699e+00
3.254712e-03 6.803384e+08 1.002699e+00
3.284857e-03 6.802256e+08 1.002699e+00
3.315282e-03 6.801124e+08 1.002699e+00
3.345989e-03 6.799987e+08 1.002699e+00
3.376980e-03 6.798845e+08 1.002699e+00
3.408259e-03 6.797699e+08 1.002699e+00
3.439826e-03 6.796549e+08 1.002699e+00
3.471687e-03 6.795394e+08 1.002699e+00
3.503842e-03 6.794233e+08 1.002699e+00
3.536296e-03 6.793069e+08 1.002699e+00
3.569049e-03 6.791899e+08 1.002699e+00
3.602107e-03 6.790725e+08 1.002699e+00
3.635470e-03 6.789546e+08 1.002699e+00
3.669142e-03 6.788362e+08 1.002699e+00
3.703127e-03 6.787174e+08 1.002699e+00
3.737426e-03 6.785981e+08 1.002699e+00
3.772042e-03 6.784783e+08 1.002698e+00
3.806980e-03 6.783581e+08 1.002698e+00
3.842241e-03 6.782373e+08 1.002698e+00
3.877828e-03 6.781160e+08 1.002698e+00
3.913746e-03 6.779943e+08 1.002698e+00
3.949995e-03 6.778721e+08 1.002698e+00
3.986581e-03 6.777495e+08 1.002698e+00
4.023506e-03 6.776263e+08 1.002698e+00
4.060772e-03 6.775026e+08 1.002698e+00
4.098384e-03 6.773784e+08 1.002698e+00
4.136344e-03 6.772538e+08 1.002698e+00
4.174655e-03 6.771286e+08 1.002698e+00
4.213322e-03 6.770030e+08 1.002698e+00
4.252346e-03 6.768768e+08 1.002698e+00
4.291732e-03 6.767502e+08 1.002698e+00
4.331483e-03 6.766230e+08 1.002698e+00
4.371602e-03 6.764953e+08 1.002698e+00
4.412093e-03 6.763671e+08 1.002698e+00
4.452959e-03 6.762384e+08 1.002698e+00
4.494203e-03 6.761093e+08 1.002698e+00
4.535829e-03 6.759796e+08 1.002698e+00
4.577841e-03 6.758493e+08 1.002698e+00
4.620241e-03 6.757186e+08 1.002697e+00
4.663035e-03 6.755874e+08 1.002697e+00
4.706225e-03 6.754556e+08 1.002697e+00
4.749815e-03 6.753233e+08 1.002697e+00
4.793808e-03 6.751905e+08 1.002697e+00
4.838210e-03 6.750572e+08 1.002697e+00
4.883022e-03 6.749233e+08 1.002697e+00
4.928250e-03 6.747889e+08 1.002697e+00
4.973896e-03 6.746540e+08 1.002697e+00
5.019965e-03 6.745185e+08 1.002697e+00
5.066461e-03 6.743825e+08 1.002697e+00
5.113388e-03 6.742460e+08 1.002697e+00
5.160749e-03 6.741090e+08 1.002697e+00
5.208549e-03 6.739714e+08 1.002697e+00
5.256791e-03 6.738333e+08 1.002697e+00
5.305481e-03 6.736946e+08 1.002697e+00
5.354621e-03 6.735554e+08 1.002697e+00
5.404216e-03 6.734156e+08 1.002697e+00
5.454271e-03 6.732752e+08 1.002696e+00
5.504790e-03 6.731344e+08 1.002696e+00
5.555776e-03 6.729929e+08 1.002696e+00
5.607235e-03 6.728509e+08 1.002696e+00
5.659170e-03 6.727084e+08 1.002696e+00
5.711586e-03 6.725653e+08 1.002696e+00
5.764488e-03 6.724217e+08 1.002696e+00
5.817880e-03 6.722775e+08 1.002696e+00
5.871766e-03 6.721327e+08 1.002696e+00
5.926152e-03 6.719874e+08 1.002696e+00
5.981041e-03 6.718415e+08 1.002696e+00
6.036439e-03 6.716950e+08 1.002696e+00
6.092349e-03 6.715479e+08 1.002696e+00
6.148778e-03 6.714003e+08 1.002696e+00
6.205729e-03 6.712522e+08 1.002696e+00
6.263207e-03 6.711034e+08 1.002696e+00
6.321218e-03 6.709541e+08 1.002695e+00
6.379767e-03 6.708042e+08 1.002695e+00
6.438857e-03 6.706536e+08 1.002695e+00
6.498495e-03 6.705025e+08 1.002695e+00
6.558686e-03 6.703509e+08 1.002695e+00
6.619433e-03 6.701986e+08 1.002695e+00
6.680744e-03 6.700458e+08 1.002695e+00
6.742622e-03 6.698924e+08 1.002695e+00
6.805074e-03 6.697383e+08 1.002695e+00
6.868104e-03 6.695836e+08 1.002695e+00
6.931717e-03 6.694284e+08 1.002695e+00
6.995920e-03 6.692726e+08 1.002695e+00
7.060718e-03 6.691162e+08 1.002695e+00
7.126115e-03 6.689592e+08 1.002695e+00
7.192119e-03 6.688016e+08 1.002695e+00
7.258734e-03 6.686433e+08 1.002695e+00
7.325965e-03 6.684845e+08 1.002694e+00
7.393820e-03 6.683250e+08 1.002694e+00
7.462303e-03 6.681649e+08 1.002694e+00
7.531420e-03 6.680043e+08 1.002694e+00
7.601178e-03 6.678429e+08 1.002694e+00
7.671581e-03 6.676810e+08 1.002694e+00
7.742637e-03 6.675184e+08 1.002694e+00
7.814351e-03 6.673553e+08 1.002694e+00
7.886729e-03 6.671914e+08 1.002694e+00
7.959777e-03 6.670271e+08 1.002694e+00
8.033502e-03 6.668621e+08 1.002694e+00
8.107910e-03 6.666964e+08 1.002694e+00
8.183007e-03 6.665300e+08 1.002693e+00
8.258799e-03 6.663631e+08 1.002693e+00
8.335294e-03 6.661955e+08 1.002693e+00
8.412497e-03 6.660273e+08 1.002693e+00
8.490415e-03 6.658584e+08 1.002693e+00
8.569055e-03 6.656888e+08 1.002693e+00
8.648423e-03 6.655187e+08 1.002693e+00
8.728527e-03 6.653479e+08 1.002693e+00
8.809372e-03 6.651764e+08 1.002693e+00
8.890966e-03 6.650043e+08 1.002693e+00
8.973316e-03 6.648316e+08 1.002693e+00
9.056428e-03 6.646582e+08 1.002693e+00
9.140311e-03 6.644841e+08 1.002692e+00
9.224970e-03 6.643093e+08 1.002692e+00
9.310413e-03 6.641339e+08 1.002692e+00
9.396648e-03 6.639579e+08 1.002692e+00
9.483682e-03 6.637811e+08 1.002692e+00
9.571522e-03 6.636037e+08 1.002692e+00
9.660175e-03 6.634256e+08 1.002692e+00
9.749649e-03 6.632469e+08 1.002692e+00
9.839952e-03 6.630675e+08 1.002692e+00
9.931092e-03 6.628874e+08 1.002692e+00
1.002308e-02 6.627066e+08 1.002692e+00
1.011591e-02 6.625251e+08 1.002692e+00
1.020961e-02 6.623430e+08 1.002691e+00
1.030417e-02 6.621602e+08 1.002691e+00
1.039961e-02 6.619766e+08 1.002691e+00
1.049593e-02 6.617924e+08 1.002691e+00
1.059315e-02 6.616075e+08 1.002691e+00
1.069126e-02 6.614220e+08 1.002691e+00
1.079029e-02 6.612357e+08 1.002691e+00
1.089023e-02 6.610487e+08 1.002691e+00
1.099110e-02 6.608609e+08 1.002691e+00
1.109290e-02 6.606725e+08 1.002691e+00
1.119564e-02 6.604834e+08 1.002690e+00
1.129934e-02 6.602937e+08 1.002690e+00
1.140400e-02 6.601031e+08 1.002690e+00
1.150962e-02 6.599119e+08 1.002690e+00
1.161623e-02 6.597199e+08 1.002690e+00
1.172382e-02 6.595272e+08 1.002690e+00
1.183241e-02 6.593339e+08 1.002690e+00
1.194200e-02 6.591397e+08 1.002690e+00
1.205261e-02 6.589448e+08 1.002689e+00
1.216424e-02 6.587493e+08 1.002689e+00
1.227691e-02 6.585530e+08 1.002689e+00
1.239062e-02 6.583560e+08 1.002689e+00
1.250539e-02 6.581582e+08 1.002689e+00
1.262121e-02 6.579597e+08 1.002689e+00
1.273811e-02 6.577605e+08 1.002689e+00
1.285610e-02 6.575606e+08 1.002689e+00
1.297517e-02 6.573598e+08 1.002689e+00
1.309535e-02 6.571584e+08 1.002689e+00
1.321664e-02 6.569562e+08 1.002688e+00
1.333906e-02 6.567532e+08 1.002688e+00
1.346261e-02 6.565495e+08 1.002688e+00
1.358730e-02 6.563450e+08 1.002688e+00
1.371315e-02 6.561397e+08 1.002688e+00
1.384016e-02 6.559337e+08 1.002688e+00
1.396835e-02 6.557270e+08 1.002688e+00
1.409773e-02 6.555195e+08 1.002688e+00
1.422830e-02 6.553112e+08 1.002687e+00
1.436009e-02 6.551022e+08 1.002687e+00
1.449310e-02 6.548924e+08 1.002687e+00
1.462733e-02 6.546818e+08 1.002687e+00
1.476281e-02 6.544704e+08 1.002687e+00
1.489955e-02 6.542583e+08 1.002687e+00
1.503755e-02 6.540454e+08 1.002687e+00
1.517683e-02 6.538317e+08 1.002687e+00
1.531740e-02 6.536172e+08 1.002686e+00
1.545928e-02 6.534019e+08 1.002686e+00
1.560246e-02 6.531858e+08 1.002686e+00
1.574698e-02 6.529689e+08 1.002686e+00
1.589283e-02 6.527513e+08 1.002686e+00
1.604003e-02 6.525328e+08 1.002686e+00
1.618860e-02 6.523135e+08 1.002685e+00
1.633854e-02 6.520934e+08 1.002685e+00
1.648987e-02 6.518725e+08 1.002685e+00
1.664260e-02 6.516509e+08 1.002685e+00
1.679675e-02 6.514284e+08 1.002685e+00
1.695232e-02 6.512051e+08 1.002685e+00
1.710934e-02 6.509809e+08 1.002685e+00
1.726781e-02 6.507560e+08 1.002685e+00
1.742775e-02 6.505302e+08 1.002684e+00
1.758917e-02 6.503036e+08 1.002684e+00
1.775208e-02 6.500762e+08 1.002684e+00
1.791650e-02 6.498479e+08 1.002684e+00
1.808245e-02 6.496188e+08 1.002684e+00
1.824993e-02 6.493889e+08 1.002684e+00
1.841897e-02 6.491582e+08 1.002683e+00
1.858957e-02 6.489267e+08 1.002683e+00
1.876175e-02 6.486942e+08 1.002683e+00
1.893552e-02 6.484609e+08 1.002683e+00
1.911091e-02 6.482268e+08 1.002683e+00
1.928792e-02 6.479918e+08 1.002683e+00
1.946656e-02 6.477560e+08 1.002682e+00
1.964687e-02 6.475193e+08 1.002682e+00
1.982884e-02 6.472818e+08 1.002682e+00
2.001250e-02 6.470434e+08 1.002682e+00
2.019786e-02 6.468041e+08 1.002682e+00
2.038493e-02 6.465639e+08 1.002682e+00
2.057374e-02 6.463230e+08 1.002682e+00
2.076430e-02 6.460811e+08 1.002682e+00
2.095662e-02 6.458384e+08 1.002681e+00
2.115073e-02 6.455947e+08 1.002681e+00
2.134663e-02 6.453502e+08 1.002681e+00
2.154435e-02 6.451048e+08 1.002681e+00
2.174389e-02 6.448585e+08 1.002680e+00
2.194529e-02 6.446114e+08 1.002680e+00
2.214855e-02 6.443633e+08 1.002680e+00
2.235370e-02 6.441144e+08 1.002680e+00
2.256074e-02 6.438645e+08 1.002680e+00
2.276970e-02 6.436138e+08 1.002680e+00
2.298060e-02 6.433621e+08 1.002679e+00
2.319345e-02 6.431096e+08 1.002679e+00
2.340827e-02 6.428561e+08 1.002679e+00
2.362508e-02 6.426017e+08 1.002679e+00
2.384390e-02 6.423464e+08 1.002679e+00
2.406475e-02 6.420902e+08 1.002679e+00
2.428764e-02 6.418331e+08 1.002678e+00
2.451260e-02 6.415751e+08 1.002678e+00
2.473964e-02 6.413161e+08 1.002678e+00
2.496878e-02 6.410562e+08 1.002678e+00
2.520005e-02 6.407954e+08 1.002678e+00
2.543346e-02 6.405337e+08 1.002678e+00
2.566903e-02 6.402710e+08 1.002677e+00
2.590678e-02 6.400073e+08 1.002677e+00
2.614673e-02 6.397427e+08 1.002677e+00
2.638891e-02 6.394771e+08 1.002677e+00
2.663333e-02 6.392107e+08 1.002676e+00
2.688001e-02 6.389433e+08 1.002676e+00
2.712898e-02 6.386749e+08 1.002676e+00
2.738025e-02 6.384056e+08 1.002676e+00
2.763385e-02 6.381352e+08 1.002675e+00
2.788980e-02 6.378640e+08 1.002675e+00
2.814812e-02 6.375918e+08 1.002675e+00
2.840884e-02 6.373186e+08 1.002675e+00
2.867196e-02 6.370444e+08 1.002675e+00
2.893753e-02 6.367693e+08 1.002675e+00
2.920556e-02 6.364931e+08 1.002674e+00
2.947606e-02 6.362160e+08 1.002674e+00
2.974908e-02 6.359380e+08 1.002674e+00
3.002462e-02 6.356589e+08 1.002674e+00
3.030271e-02 6.353788e+08 1.002673e+00
3.058338e-02 6.350977e+08 1.002673e+00
3.086665e-02 6.348157e+08 1.002673e+00
3.115254e-02 6.345326e+08 1.002673e+00
3.144108e-02 6.342485e+08 1.002672e+00
3.173230e-02 6.339635e+08 1.002672e+00
3.202621e-02 6.336774e+08 1.002672e+00
3.232284e-02 6.333903e+08 1.002672e+00
3.262222e-02 6.331022e+08 1.002671e+00
3.292437e-02 6.328131e+08 1.002671e+00
3.322933e-02 6.325229e+08 1.002671e+00
3.353710e-02 6.322318e+08 1.002671e+00
3.384773e-02 6.319396e+08 1.002671e+00
3.416123e-02 6.316464e+08 1.002671e+00
3.447764e-02 6.313521e+08 1.002670e+00
3.479698e-02 6.310568e+08 1.002670e+00
3.511928e-02 6.307605e+08 1.002670e+00
3.544456e-02 6.304631e+08 1.002670e+00
3.577285e-02 6.301646e+08 1.002669e+00
3.610419e-02 6.298651e+08 1.002669e+00
3.643859e-02 6.295646e+08 1.002669e+00
3.677609e-02 6.292630e+08 1.002669e+00
3.711672e-02 6.289604e+08 1.002668e+00
3.746050e-02 6.286567e+08 1.002668e+00
3.780747e-02 6.283519e+08 1.002667e+00
3.815765e-02 6.280461e+08 1.002667e+00
3.851107e-02 6.277391e+08 1.002667e+00
3.886777e-02 6.274311e+08 1.002667e+00
3.922777e-02 6.271220e+08 1.002666e+00
3.959110e-02 6.268119e+08 1.002666e+00
3.995780e-02 6.265007e+08 1.002666e+00
4.032790e-02 6.261883e+08 1.002666e+00
4.070142e-02 6.258749e+08 1.002665e+00
4.107841e-02 6.255604e+08 1.002665e+00
4.145888e-02 6.252448e+08 1.002665e+00
4.184289e-02 6.249281e+08 1.002665e+00
4.223044e-02 6.246102e+08 1.002664e+00
4.262159e-02 6.242913e+08 1.002664e+00
4.301636e-02 6.239713e+08 1.002664e+00
4.341478e-02 6.236501e+08 1.002664e+00
4.381690e-02 6.233278e+08 1.002663e+00
4.422274e-02 6.230044e+08 1.002663e+00
4.463234e-02 6.226799e+08 1.002662e+00
4.504573e-02 6.223543e+08 1.002662e+00
4.546295e-02 6.220275e+08 1.002662e+00
4.588404e-02 6.216996e+08 1.002662e+00
4.630903e-02 6.213705e+08 1.002661e+00
4.673795e-02 6.210403e+08 1.002661e+00
4.717085e-02 6.207090e+08 1.002661e+00
4.760775e-02 6.203765e+08 1.002661e+00
4.804870e-02 6.200429e+08 1.002660e+00
4.849374e-02 6.197080e+08 1.002660e+00
4.894290e-02 6.193721e+08 1.002659e+00
4.939622e-02 6.190350e+08 1.002659e+00
4.985373e-02 6.186968e+08 1.002659e+00
5.031549e-02 6.183573e+08 1.002659e+00
5.078152e-02 6.180167e+08 1.002658e+00
5.125187e-02 6.176750e+08 1.002658e+00
5.172657e-02 6.173320e+08 1.002657e+00
5.220568e-02 6.169879e+08 1.002657e+00
5.268921e-02 6.166426e+08 1.002657e+00
5.317723e-02 6.162960e+08 1.002657e+00
5.366977e-02 6.159484e+08 1.002656e+00
5.416687e-02 6.155995e+08 1.002656e+00
5.466857e-02 6.152494e+08 1.002655e+00
5.517492e-02 6.148981e+08 1.002655e+00
5.568596e-02 6.145457e+08 1.002655e+00
5.620174e-02 6.141920e+08 1.002655e+00
5.672229e-02 6.138371e+08 1.002654e+00
5.724766e-02 6.134810e+08 1.002654e+00
5.777790e-02 6.131237e+08 1.002653e+00
5.831305e-02 6.127652e+08 1.002653e+00
5.885316e-02 6.124055e+08 1.002653e+00
5.939827e-02 6.120446e+08 1.002653e+00
5.994843e-02 6.116823e+08 1.002652e+00
6.050368e-02 6.113189e+08 1.002652e+00
6.106408e-02 6.109543e+08 1.002651e+00
6.162966e-02 6.105884e+08 1.002651e+00
6.220049e-02 6.102213e+08 1.002650e+00
6.277660e-02 6.098530e+08 1.002650e+00
6.335805e-02 6.094834e+08 1.002650e+00
6.394488e-02 6.091125e+08 1.002650e+00
6.453715e-02 6.087403e+08 1.002649e+00
6.513491e-02 6.083670e+08 1.002649e+00
6.573820e-02 6.079924e+08 1.002648e+00
6.634708e-02 6.076166e+08 1.002648e+00
6.696160e-02 6.072394e+08 1.002647e+00
6.758181e-02 6.068611e+08 1.002647e+00
6.820777e-02 6.064814e+08 1.002646e+00
6.883952e-02 6.061005e+08 1.002646e+00
6.947713e-02 6.057184e+08 1.002646e+00
7.012064e-02 6.053349e+08 1.002646e+00
7.077011e-02 6.049502e+08 1.002645e+00
7.142559e-02 6.045642e+08 1.002645e+00
7.208715e-02 6.041769e+08 1.002644e+00
7.275484e-02 6.037883e+08 1.002644e+00
7.342870e-02 6.033986e+08 1.002643e+00
7.410882e-02 6.030074e+08 1.002643e+00
7.479523e-02 6.026150e+08 1.002642e+00
7.548799e-02 6.022212e+08 1.002642e+00
7.618718e-02 6.018263e+08 1.002641e+00
7.689284e-02 6.014300e+08 1.002641e+00
7.760503e-02 6.010324e+08 1.002641e+00
7.832383e-02 6.006335e+08 1.002641e+00
7.904928e-02 6.002333e+08 1.002640e+00
7.978145e-02 5.998318e+08 1.002640e+00
8.052040e-02 5.994291e+08 1.002639e+00
8.126619e-02 5.990250e+08 1.002639e+00
8.201889e-02 5.986195e+08 1.002638e+00
8.277857e-02 5.982128e+08 1.002638e+00
8.354528e-02 5.978048e+08 1.002637e+00
8.431909e-02 5.973955e+08 1.002637e+00
8.510007e-02 5.969848e+08 1.002636e+00
8.588829e-02 5.965728e+08 1.002636e+00
8.668380e-02 5.961595e+08 1.002635e+00
8.748668e-02 5.957449e+08 1.002635e+00
8.829700e-02 5.953290e+08 1.002634e+00
8.911482e-02 5.949118e+08 1.002634e+00
8.994022e-02 5.944932e+08 1.002633e+00
9.077327e-02 5.940733e+08 1.002633e+00
9.161402e-02 5.936521e+08 1.002632e+00
9.246257e-02 5.932296e+08 1.002632e+00
9.331898e-02 5.928057e+08 1.002631e+00
9.418332e-02 5.923806e+08 1.002631e+00
9.505566e-02 5.919540e+08 1.002630e+00
9.593608e-02 5.915262e+08 1.002630e+00
9.682466e-02 5.910970e+08 1.002629e+00
9.772147e-02 5.906665e+08 1.002629e+00
9.862658e-02 5.902347e+08 1.002628e+00
9.954008e-02 5.898016e+08 1.002628e+00
1.004620e-01 5.893672e+08 1.002627e+00
1.013925e-01 5.889314e+08 1.002627e+00
1.023317e-01 5.884943e+08 1.002626e+00
1.032795e-01 5.880558e+08 1.002626e+00
1.042361e-01 5.876161e+08 1.002625e+00
1.052015e-01 5.871750e+08 1.002625e+00
1.061759e-01 5.867325e+08 1.002624e+00
1.071593e-01 5.862888e+08 1.002624e+00
1.081519e-01 5.858437e+08 1.002623e+00
1.091536e-01 5.853974e+08 1.002623e+00
1.101646e-01 5.849497e+08 1.002621e+00
1.111850e-01 5.845007e+08 1.002621e+00
1.122148e-01 5.840504e+08 1.002620e+00
1.132541e-01 5.835988e+08 1.002620e+00
1.143031e-01 5.831458e+08 1.002619e+00
1.153618e-01 5.826915e+08 1.002619e+00
1.164303e-01 5.822359e+08 1.002618e+00
1.175087e-01 5.817791e+08 1.002618e+00
1.185971e-01 5.813209e+08 1.002617e+00
1.196956e-01 5.808615e+08 1.002617e+00
1.208042e-01 5.804007e+08 1.002616e+00
1.219231e-01 5.799386e+08 1.002616e+00
1.230524e-01 5.794753e+08 1.002614e+00
1.241921e-01 5.790106e+08 1.002614e+00
1.253424e-01 5.785447e+08 1.002613e+00
1.265034e-01 5.780775e+08 1.002613e+00
1.276751e-01 5.776090e+08 1.002612e+00
1.288576e-01 5.771393e+08 1.002612e+00
1.300511e-01 5.766682e+08 1.002611e+00
1.312557e-01 5.761959e+08 1.002611e+00
1.324714e-01 5.757224e+08 1.002610e+00
1.336984e-01 5.752476e+08 1.002609e+00
1.349367e-01 5.747715e+08 1.002608e+00
1.361865e-01 5.742942e+08 1.002608e+00
1.374479e-01 5.738156e+08 1.002607e+00
1.387210e-01 5.733359e+08 1.002607e+00
1.400058e-01 5.728548e+08 1.002606e+00
1.413026e-01 5.723726e+08 1.002605e+00
1.426114e-01 5.718892e+08 1.002604e+00
1.439323e-01 5.714046e+08 1.002604e+00
1.452654e-01 5.709187e+08 1.002603e+00
1.466109e-01 5.704316e+08 1.002603e+00
1.479688e-01 5.699434e+08 1.002601e+00
1.493393e-01 5.694539e+08 1.002601e+00
1.507225e-01 5.689633e+08 1.002600e+00
1.521186e-01 5.684716e+08 1.002600e+00
1.535275e-01 5.679786e+08 1.002598e+00
1.549495e-01 5.674846e+08 1.002598e+00
1.563847e-01 5.669894e+08 1.002597e+00
1.578331e-01 5.664931e+08 1.002597e+00
1.592950e-01 5.659955e+08 1.002596e+00
1.607704e-01 5.654969e+08 1.002595e+00
1.622595e-01 5.649972e+08 1.002594e+00
1.637624e-01 5.644965e+08 1.002594e+00
1.652792e-01 5.639947e+08 1.002593e+00
1.668101e-01 5.634917e+08 1.002592e+00
1.683551e-01 5.629877e+08 1.002591e+00
1.699144e-01 5.624827e+08 1.002591e+00
1.714882e-01 5.619766e+08 1.002590e+00
1.730766e-01 5.614695e+08 1.002589e+00
1.746796e-01 5.609614e+08 1.002588e+00
1.762975e-01 5.604522e+08 1.002588e+00
1.779304e-01 5.599421e+08 1.002587e+00
1.795785e-01 5.594310e+08 1.002585e+00
1.812418e-01 5.589190e+08 1.002584e+00
1.829205e-01 5.584060e+08 1.002584e+00
1.846147e-01 5.578921e+08 1.002583e+00
1.863246e-01 5.573772e+08 1.002583e+00
1.880504e-01 5.568614e+08 1.002582e+00
1.897922e-01 5.563448e+08 1.002581e+00
1.915501e-01 5.558273e+08 1.002579e+00
1.933242e-01 5.553089e+08 1.002579e+00
1.951148e-01 5.547897e+08 1.002578e+00
1.969220e-01 5.542696e+08 1.002578e+00
1.987460e-01 5.537488e+08 1.002577e+00
2.005868e-01 5.532272e+08 1.002576e+00
2.024447e-01 5.527048e+08 1.002575e+00
2.043197e-01 5.521816e+08 1.002574e+00
2.062122e-01 5.516577e+08 1.002572e+00
2.081222e-01 5.511330e+08 1.002572e+00
2.100498e-01 5.506077e+08 1.002571e+00
2.119953e-01 5.500817e+08 1.002571e+00
2.139589e-01 5.495551e+08 1.002570e+00
2.159406e-01 5.490278e+08 1.002569e+00
2.179407e-01 5.484999e+08 1.002568e+00
2.199593e-01 5.479714e+08 1.002567e+00
2.219966e-01 5.474424e+08 1.002566e+00
2.240528e-01 5.469128e+08 1.002565e+00
2.261280e-01 5.463827e+08 1.002564e+00
2.282224e-01 5.458520e+08 1.002563e+00
2.303363e-01 5.453209e+08 1.002562e+00
2.324697e-01 5.447893e+08 1.002561e+00
2.346229e-01 5.442573e+08 1.002560e+00
2.367960e-01 5.437250e+08 1.002559e+00
2.389893e-01 5.431922e+08 1.002558e+00
2.412028e-01 5.426590e+08 1.002557e+00
2.434369e-01 5.421255e+08 1.002556e+00
2.456916e-01 5.415918e+08 1.002555e+00
2.479673e-01 5.410578e+08 1.002554e+00
2.502640e-01 5.405235e+08 1.002553e+00
2.525820e-01 5.399890e+08 1.002552e+00
2.549215e-01 5.394544e+08 1.002550e+00
2.572826e-01 5.389196e+08 1.002549e+00
2.596656e-01 5.383846e+08 1.002548e+00
2.620707e-01 5.378496e+08 1.002547e+00
2.644980e-01 5.373144e+08 1.002546e+00
2.669478e-01 5.367793e+08 1.002545e+00
2.694204e-01 5.362441e+08 1.002544e+00
2.719158e-01 5.357091e+08 1.002543e+00
2.744343e-01 5.351740e+08 1.002541e+00
2.769762e-01 5.346390e+08 1.002540e+00
2.795416e-01 5.341042e+08 1.002539e+00
2.821308e-01 5.335696e+08 1.002538e+00
2.847439e-01 5.330351e+08 1.002537e+00
2.873813e-01 5.325009e+08 1.002536e+00
2.900430e-01 5.319670e+08 1.002534e+00
2.927295e-01 5.314333e+08 1.002533e+00
2.954408e-01 5.309000e+08 1.002532e+00
2.981772e-01 5.303671e+08 1.002531e+00
3.009390e-01 5.298346e+08 1.002529e+00
3.037264e-01 5.293026e+08 1.002528e+00
3.065395e-01 5.287712e+08 1.002527e+00
3.093788e-01 5.282402e+08 1.002526e+00
3.122443e-01 5.277097e+08 1.002525e+00
3.151363e-01 5.271800e+08 1.002523e+00
3.180552e-01 5.266509e+08 1.002521e+00
3.210011e-01 5.261225e+08 1.002520e+00
3.239743e-01 5.255948e+08 1.002519e+00
3.269750e-01 5.250680e+08 1.002518e+00
3.300035e-01 5.245420e+08 1.002517e+00
3.330600e-01 5.240168e+08 1.002515e+00
3.361449e-01 5.234926e+08 1.002513e+00
3.392583e-01 5.229693e+08 1.002512e+00
3.424006e-01 5.224471e+08 1.002511e+00
3.455720e-01 5.219260e+08 1.002510e+00
3.487727e-01 5.214060e+08 1.002509e+00
3.520031e-01 5.208871e+08 1.002507e+00
3.552635e-01 5.203694e+08 1.002505e+00
3.585540e-01 5.198529e+08 1.002504e+00
3.618750e-01 5.193377e+08 1.002502e+00
3.652267e-01 5.188239e+08 1.002501e+00
3.686095e-01 5.183115e+08 1.002499e+00
3.720237e-01 5.178005e+08 1.002498e+00
3.754694e-01 5.172911e+08 1.002496e+00
3.789471e-01 5.167832e+08 1.002495e+00
3.824570e-01 5.162769e+08 1.002493e+00
3.859994e-01 5.157723e+08 1.002492e+00
3.895746e-01 5.152693e+08 1.002490e+00
3.931829e-01 5.147681e+08 1.002489e+00
3.968246e-01 5.142688e+08 1.002488e+00
4.005001e-01 5.137714e+08 1.002486e+00
4.042096e-01 5.132758e+08 1.002484e+00
4.079535e-01 5.127822e+08 1.002482e+00
4.117320e-01 5.122906e+08 1.002480e+00
4.155455e-01 5.118012e+08 1.002479e+00
4.193944e-01 5.113139e+08 1.002478e+00
4.232789e-01 5.108288e+08 1.002476e+00
4.271994e-01 5.103460e+08 1.002474e+00
4.311562e-01 5.098655e+08 1.002472e+00
4.351497e-01 5.093874e+08 1.002470e+00
4.391801e-01 5.089116e+08 1.002469e+00
4.432479e-01 5.084384e+08 1.002468e+00
4.473533e-01 5.079678e+08 1.002466e+00
4.514968e-01 5.074997e+08 1.002464e+00
4.556786e-01 5.070344e+08 1.002462e+00
4.598992e-01 5.065718e+08 1.002460e+00
4.641589e-01 5.061120e+08 1.002458e+00
4.684580e-01 5.056550e+08 1.002456e+00
4.727970e-01 5.052009e+08 1.002455e+00
4.771761e-01 5.047498e+08 1.002453e+00
4.815958e-01 5.043017e+08 1.002451e+00
4.860564e-01 5.038568e+08 1.002449e+00
4.905584e-01 5.034151e+08 1.002447e+00
4.951020e-01 5.029765e+08 1.002445e+00
4.996877e-01 5.025413e+08 1.002444e+00
5.043159e-01 5.021094e+08 1.002442e+00
5.089870e-01 5.016809e+08 1.002440e+00
5.137014e-01 5.012558e+08 1.002438e+00
5.184594e-01 5.008344e+08 1.002436e+00
5.232614e-01 5.004165e+08 1.002434e+00
5.281080e-01 5.000024e+08 1.002432e+00
5.329994e-01 4.995919e+08 1.002430e+00
5.379362e-01 4.991852e+08 1.002428e+00
5.429186e-01 4.987824e+08 1.002426e+00
5.479472e-01 4.983836e+08 1.002424e+00
5.530224e-01 4.979887e+08 1.002422e+00
5.581446e-01 4.975979e+08 1.002420e+00
5.633143e-01 4.972112e+08 1.002418e+00
5.685318e-01 4.968287e+08 1.002416e+00
5.737976e-01 4.964505e+08 1.002414e+00
5.791123e-01 4.960765e+08 1.002412e+00
5.844761e-01 4.957069e+08 1.002410e+00
5.898896e-01 4.953418e+08 1.002408e+00
5.953533e-01 4.949812e+08 1.002405e+00
6.008676e-01 4.946252e+08 1.002403e+00
6.064329e-01 4.942738e+08 1.002401e+00
6.120498e-01 4.939271e+08 1.002400e+00
6.177188e-01 4.935852e+08 1.002397e+00
6.234402e-01 4.932482e+08 1.002395e+00
6.292146e-01 4.929160e+08 1.002392e+00
6.350425e-01 4.925887e+08 1.002390e+00
6.409244e-01 4.922665e+08 1.002388e+00
6.468608e-01 4.919494e+08 1.002386e+00
6.528521e-01 4.916374e+08 1.002383e+00
6.588990e-01 4.913306e+08 1.002381e+00
6.650018e-01 4.910291e+08 1.002379e+00
6.711612e-01 4.907330e+08 1.002377e+00
6.773776e-01 4.904423e+08 1.002374e+00
6.836516e-01 4.901570e+08 1.002372e+00
6.899837e-01 4.898773e+08 1.002370e+00
6.963745e-01 4.896032e+08 1.002368e+00
7.028244e-01 4.893347e+08 1.002365e+00
7.093341e-01 4.890720e+08 1.002363e+00
7.159041e-01 4.888149e+08 1.002360e+00
7.225349e-01 4.885637e+08 1.002358e+00
7.292272e-01 4.883184e+08 1.002356e+00
7.359814e-01 4.880791e+08 1.002354e+00
7.427982e-01 4.878458e+08 1.002351e+00
7.496782e-01 4.876186e+08 1.002349e+00
7.566219e-01 4.873975e+08 1.002346e+00
7.636298e-01 4.871826e+08 1.002344e+00
7.707027e-01 4.869739e+08 1.002341e+00
7.778411e-01 4.867715e+08 1.002339e+00
7.850456e-01 4.865755e+08 1.002336e+00
7.923169e-01 4.863859e+08 1.002334e+00
7.996555e-01 4.862028e+08 1.002331e+00
8.070620e-01 4.860262e+08 1.002329e+00
8.145372e-01 4.858562e+08 1.002326e+00
8.220816e-01 4.856929e+08 1.002324e+00
8.296959e-01 4.855362e+08 1.002321e+00
8.373807e-01 4.853863e+08 1.002319e+00
8.451366e-01 4.852431e+08 1.002316e+00
8.529644e-01 4.851069e+08 1.002314e+00
8.608648e-01 4.849775e+08 1.002311e+00
8.688383e-01 4.848551e+08 1.002309e+00
8.768856e-01 4.847397e+08 1.002306e+00
8.850075e-01 4.846313e+08 1.002304e+00
8.932046e-01 4.845301e+08 1.002301e+00
9.014776e-01 4.844360e+08 1.002299e+00
9.098273e-01 4.843491e+08 1.002296e+00
9.182543e-01 4.842694e+08 1.002294e+00
9.267593e-01 4.841971e+08 1.002291e+00
9.353432e-01 4.841321e+08 1.002288e+00
9.440065e-01 4.840745e+08 1.002285e+00
9.527500e-01 4.840243e+08 1.002283e+00
9.615746e-01 4.839817e+08 1.002280e+00
9.704809e-01 4.839465e+08 1.002278e+00
9.794697e-01 4.839190e+08 1.002275e+00
9.885417e-01 4.838990e+08 1.002273e+00
9.976978e-01 4.838866e+08 1.002270e+00
1.006939e+00 4.838819e+08 1.002268e+00
1.016265e+00 4.838850e+08 1.002265e+00
1.025678e+00 4.838958e+08 1.002262e+00
1.035178e+00 4.839144e+08 1.002259e+00
1.044766e+00 4.839408e+08 1.002257e+00
1.054443e+00 4.839751e+08 1.002254e+00
1.064209e+00 4.840174e+08 1.002252e+00
1.074066e+00 4.840675e+08 1.002249e+00
1.084014e+00 4.841255e+08 1.002247e+00
1.094055e+00 4.841915e+08 1.002244e+00
1.104188e+00 4.842656e+08 1.002242e+00
1.114415e+00 4.843477e+08 1.002239e+00
1.124737e+00 4.844378e+08 1.002236e+00
1.135155e+00 4.845360e+08 1.002233e+00
1.145669e+00 4.846423e+08 1.002231e+00
1.156280e+00 4.847568e+08 1.002228e+00
1.166990e+00 4.848793e+08 1.002226e+00
1.177799e+00 4.850099e+08 1.002223e+00
1.188708e+00 4.851486e+08 1.002221e+00
1.199718e+00 4.852955e+08 1.002218e+00
1.210830e+00 4.854505e+08 1.002216e+00
1.222045e+00 4.856136e+08 1.002213e+00
1.233363e+00 4.857848e+08 1.002210e+00
1.244787e+00 4.859640e+08 1.002207e+00
1.256317e+00 4.861513e+08 1.002205e+00
1.267953e+00 4.863466e+08 1.002202e+00
1.279697e+00 4.865499e+08 1.002200e+00
1.291550e+00 4.867612e+08 1.002197e+00
1.303512e+00 4.869804e+08 1.002195e+00
1.315586e+00 4.872074e+08 1.002192e+00
1.327771e+00 4.874422e+08 1.002190e+00
1.340069e+00 4.876847e+08 1.002187e+00
1.352481e+00 4.879348e+08 1.002185e+00
1.365008e+00 4.881924e+08 1.002182e+00
1.377651e+00 4.884575e+08 1.002180e+00
1.390411e+00 4.887298e+08 1.002178e+00
1.403289e+00 4.890093e+08 1.002176e+00
1.416287e+00 4.892957e+08 1.002174e+00
1.429405e+00 4.895890e+08 1.002171e+00
1.442644e+00 4.898890e+08 1.002168e+00
1.456006e+00 4.901954e+08 1.002166e+00
1.469492e+00 4.905081e+08 1.002163e+00
1.483103e+00 4.908267e+08 1.002161e+00
1.496839e+00 4.911511e+08 1.002159e+00
1.510703e+00 4.914810e+08 1.002157e+00
1.524696e+00 4.918160e+08 1.002155e+00
1.538818e+00 4.921557e+08 1.002152e+00
1.553071e+00 4.924999e+08 1.002150e+00
1.567455e+00 4.928481e+08 1.002148e+00
1.581973e+00 4.931999e+08 1.002146e+00
1.596626e+00 4.935547e+08 1.002143e+00
1.611414e+00 4.939121e+08 1.002141e+00
1.626340e+00 4.942715e+08 1.002139e+00
1.641403e+00 4.946323e+08 1.002137e+00
1.656606e+00 4.949939e+08 1.002135e+00
1.671950e+00 4.953556e+08 1.002133e+00
1.687436e+00 4.957164e+08 1.002131e+00
1.703065e+00 4.960758e+08 1.002129e+00
1.718839e+00 4.964327e+08 1.002127e+00
1.734759e+00 4.967862e+08 1.002125e+00
1.750827e+00 4.971353e+08 1.002123e+00
1.767044e+00 4.974789e+08 1.002121e+00
1.783410e+00 4.978158e+08 1.002119e+00
1.799929e+00 4.981446e+08 1.002117e+00
1.816600e+00 4.984641e+08 1.002115e+00
1.833425e+00 4.987727e+08 1.002114e+00
1.850407e+00 4.990689e+08 1.002112e+00
1.867546e+00 4.993510e+08 1.002111e+00
1.884843e+00 4.996171e+08 1.002109e+00
1.902301e+00 4.998652e+08 1.002108e+00
1.919921e+00 5.000935e+08 1.002106e+00
1.937703e+00 5.002995e+08 1.002105e+00
1.955651e+00 5.004809e+08 1.002104e+00
1.973764e+00 5.006351e+08 1.002103e+00
1.992046e+00 5.007595e+08 1.002102e+00
2.010496e+00 5.008510e+08 1.002101e+00
2.029118e+00 5.009065e+08 1.002100e+00
2.047912e+00 5.009227e+08 1.002099e+00
2.066880e+00 5.008962e+08 1.002098e+00
2.086024e+00 5.008230e+08 1.002098e+00
2.105345e+00 5.006991e+08 1.002098e+00
2.124845e+00 5.005202e+08 1.002098e+00
2.144526e+00 5.002817e+08 1.002099e+00
2.164389e+00 4.999787e+08 1.002099e+00
2.184436e+00 4.996060e+08 1.002099e+00
2.204669e+00 4.991579e+08 1.002100e+00
2.225089e+00 4.986286e+08 1.002102e+00
2.245698e+00 4.980119e+08 1.002103e+00
2.266498e+00 4.973011e+08 1.002105e+00
2.287491e+00 4.964881e+08 1.002107e+00
2.308678e+00 4.955657e+08 1.002110e+00
2.330061e+00 4.945291e+08 1.002114e+00
2.351643e+00 4.933688e+08 1.002118e+00
2.373424e+00 4.920633e+08 1.002123e+00
2.395407e+00 4.906060e+08 1.002128e+00
2.417594e+00 4.890329e+08 1.002134e+00
2.439986e+00 4.873219e+08 1.002140e+00
2.462586e+00 4.852899e+08 1.002148e+00
2.485395e+00 4.830627e+08 1.002158e+00
2.508415e+00 4.816036e+08 1.002165e+00
2.531648e+00 4.814550e+08 1.002165e+00
2.555097e+00 4.817660e+08 1.002164e+00
2.578763e+00 4.818064e+08 1.002164e+00
2.602648e+00 4.817230e+08 1.002164e+00
2.626754e+00 4.817120e+08 1.002164e+00
2.651084e+00 4.817344e+08 1.002164e+00
2.675638e+00 4.817374e+08 1.002164e+00
2.700421e+00 4.817314e+08 1.002164e+00
2.725433e+00 4.817306e+08 1.002164e+00
2.750676e+00 4.817322e+08 1.002164e+00
2.776153e+00 4.817324e+08 1.002164e+00
2.801867e+00 4.817320e+08 1.002164e+00
2.827818e+00 4.817319e+08 1.002164e+00
2.854010e+00 4.817320e+08 1.002164e+00
2.880444e+00 4.817320e+08 1.002164e+00
2.907123e+00 4.817320e+08 1.002164e+00
2.934050e+00 4.817320e+08 1.002164e+00
2.961225e+00 4.817320e+08 1.002164e+00
2.988653e+00 4.817320e+08 1.002164e+00
3.016334e+00 4.817320e+08 1.002164e+00
3.044272e+00 4.817320e+08 1.002164e+00
3.072469e+00 4.817320e+08 1.002164e+00
3.100927e+00 4.817320e+08 1.002164e+00
3.129648e+00 4.817320e+08 1.002164e+00
3.158635e+00 4.817320e+08 1.002164e+00
3.187891e+00 4.817320e+08 1.002164e+00
3.217418e+00 4.817320e+08 1.002164e+00
3.247218e+00 4.817320e+08 1.002164e+00
3.277295e+00 4.817320e+08 1.002164e+00
3.307650e+00 4.817320e+08 1.002164e+00
3.338286e+00 4.817320e+08 1.002164e+00
3.369206e+00 4.817320e+08 1.002164e+00
3.400412e+00 4.817320e+08 1.002164e+00
3.431907e+00 4.817320e+08 1.002164e+00
3.463694e+00 4.817320e+08 1.002164e+00
3.495776e+00 4.817320e+08 1.002164e+00
3.528154e+00 4.817320e+08 1.002164e+00
3.560833e+00 4.817320e+08 1.002164e+00
3.593814e+00 4.817320e+08 1.002164e+00
3.627100e+00 4.817320e+08 1.002164e+00
3.660695e+00 4.817320e+08 1.002164e+00
3.694601e+00 4.817320e+08 1.002164e+00
3.728821e+00 4.817320e+08 1.002164e+00
3.763358e+00 4.817320e+08 1.002164e+00
3.798215e+00 4.817320e+08 1.002164e+00
3.833395e+00 4.817320e+08 1.002164e+00
3.868901e+00 4.817320e+08 1.002164e+00
3.904735e+00 4.817320e+08 1.002164e+00
3.940902e+00 4.817320e+08 1.002164e+00
3.977403e+00 4.817320e+08 1.002164e+00
4.014242e+00 4.817320e+08 1.002164e+00
4.051423e+00 4.817320e+08 1.002164e+00
4.088948e+00 4.817320e+08 1.002164e+00
4.126821e+00 4.817320e+08 1.002164e+00
4.165044e+00 4.817320e+08 1.002164e+00
4.203622e+00 4.817320e+08 1.002164e+00
4.242556e+00 4.817320e+08 1.002164e+00
4.281852e+00 4.817320e+08 1.002164e+00
4.321511e+00 4.817320e+08 1.002164e+00
4.361538e+00 4.817320e+08 1.002164e+00
4.401935e+00 4.817320e+08 1.002164e+00
4.442707e+00 4.817320e+08 1.002164e+00
4.483856e+00 4.817320e+08 1.002164e+00
4.525386e+00 4.817320e+08 1.002164e+00
4.567301e+00 4.817320e+08 1.002164e+00
4.609604e+00 4.817320e+08 1.002164e+00
4.652300e+00 4.817320e+08 1.002164e+00
4.695390e+00 4.817320e+08 1.002164e+00
4.738880e+00 4.817320e+08 1.002164e+00
4.782772e+00 4.817320e+08 1.002164e+00
4.827071e+00 4.817320e+08 1.002164e+00
4.871780e+00 4.817320e+08 1.002164e+00
4.916904e+00 4.817320e+08 1.002164e+00
4.962445e+00 4.817320e+08 1.002164e+00
5.008408e+00 4.817320e+08 1.002164e+00
5.054797e+00 4.817320e+08 1.002164e+00
5.101615e+00 4.817320e+08 1.002164e+00
5.148867e+00 4.817320e+08 1.002164e+00
5.196557e+00 4.817320e+08 1.002164e+00
5.244689e+00 4.817320e+08 1.002164e+00
5.293266e+00 4.817320e+08 1.002164e+00
5.342293e+00 4.817320e+08 1.002164e+00
5.391775e+00 4.817320e+08 1.002164e+00
5.441714e+00 4.817320e+08 1.002164e+00
5.492116e+00 4.817320e+08 1.002164e+00
5.542986e+00 4.817320e+08 1.002164e+00
5.594326e+00 4.817320e+08 1.002164e+00
5.646141e+00 4.817320e+08 1.002164e+00
5.698437e+00 4.817320e+08 1.002164e+00
5.751217e+00 4.817320e+08 1.002164e+00
5.804486e+00 4.817320e+08 1.002164e+00
5.858248e+00 4.817320e+08 1.002164e+00
5.912508e+00 4.817320e+08 1.002164e+00
5.967271e+00 4.817320e+08 1.002164e+00
6.022541e+00 4.817320e+08 1.002164e+00
6.078323e+00 4.817320e+08 1.002164e+00
6.134622e+00 4.817320e+08 1.002164e+00
6.191442e+00 4.817320e+08 1.002164e+00
6.248788e+00 4.817320e+08 1.002164e+00
6.306666e+00 4.817320e+08 1.002164e+00
6.365079e+00 4.817320e+08 1.002164e+00
6.424034e+00 4.817320e+08 1.002164e+00
6.483534e+00 4.817320e+08 1.002164e+00
6.543586e+00 4.817320e+08 1.002164e+00
6.604194e+00 4.817320e+08 1.002164e+00
6.665363e+00 4.817320e+08 1.002164e+00
6.727099e+00 4.817320e+08 1.002164e+00
6.789407e+00 4.817320e+08 1.002164e+00
6.852292e+00 4.817320e+08 1.002164e+00
6.915759e+00 4.817320e+08 1.002164e+00
6.979814e+00 4.817320e+08 1.002164e+00
7.044462e+00 4.817320e+08 1.002164e+00
7.109709e+00 4.817320e+08 1.002164e+00
7.175561e+00 4.817320e+08 1.002164e+00
7.242022e+00 4.817320e+08 1.002164e+00
7.309099e+00 4.817320e+08 1.002164e+00
7.376798e+00 4.817320e+08 1.002164e+00
7.445123e+00 4.817320e+08 1.002164e+00
7.514081e+00 4.817320e+08 1.002164e+00
7.583678e+00 4.817320e+08 1.002164e+00
7.653919e+00 4.817320e+08 1.002164e+00
7.724811e+00 4.817320e+08 1.002164e+00
7.796360e+00 4.817320e+08 1.002164e+00
7.868572e+00 4.817320e+08 1.002164e+00
7.941452e+00 4.817320e+08 1.002164e+00
8.015007e+00 4.817320e+08 1.002164e+00
8.089243e+00 4.817320e+08 1.002164e+00
8.164168e+00 4.817320e+08 1.002164e+00
8.239786e+00 4.817320e+08 1.002164e+00
8.316104e+00 4.817320e+08 1.002164e+00
8.393129e+00 4.817320e+08 1.002164e+00
8.470868e+00 4.817320e+08 1.002164e+00
8.549327e+00 4.817320e+08 1.002164e+00
8.628513e+00 4.817320e+08 1.002164e+00
8.708431e+00 4.817320e+08 1.002164e+00
8.789091e+00 4.817320e+08 1.002164e+00
8.870497e+00 4.817320e+08 1.002164e+00
8.952657e+00 4.817320e+08 1.002164e+00
9.035578e+00 4.817320e+08 1.002164e+00
9.119268e+00 4.817320e+08 1.002164e+00
9.203732e+00 4.817320e+08 1.002164e+00
9.288979e+00 4.817320e+08 1.002164e+00
9.375015e+00 4.817320e+08 1.002164e+00
9.461848e+00 4.817320e+08 1.002164e+00
9.549486e+00 4.817320e+08 1.002164e+00
9.637935e+00 4.817320e+08 1.002164e+00
9.727203e+00 4.817320e+08 1.002164e+00
9.817298e+00 4.817320e+08 1.002164e+00
9.908228e+00 4.817320e+08 1.002164e+00
1.000000e+01 4.817320e+08 1.002164e+00
