# He3 + d > a + p   [He3_d__a_p]   ref=Parthenope3.0 (Serpico et al 2004)
# Forward rate N_A<sigma v> [cm^3 mol^-1 s^-1] extracted from
# parthenope3.0.f (default PIS2020 nuclear-rate selection).
# error column = sqrt((1+drate_up)/(1+drate_lo)), the full Parthenope
# 1-sigma multiplicative envelope (statistical fp/fm + systematic floor).
# NOTE: lowest 218 T9 points (below the fit validity floor, where
#   the published polynomial extrapolates non-physically) are filled by
#   log-log extrapolation; this region is dynamically frozen for BBN.
# T9                 rate                error
1.000000e-03 2.695030e-02 1.438766e+01
1.009262e-03 2.778894e-02 1.438766e+01
1.018610e-03 2.865369e-02 1.438766e+01
1.028045e-03 2.954535e-02 1.438766e+01
1.037567e-03 3.046474e-02 1.438766e+01
1.047177e-03 3.141272e-02 1.438766e+01
1.056876e-03 3.239021e-02 1.438766e+01
1.066665e-03 3.339816e-02 1.438766e+01
1.076545e-03 3.443749e-02 1.438766e+01
1.086516e-03 3.550910e-02 1.438766e+01
1.096579e-03 3.661403e-02 1.438766e+01
1.106736e-03 3.775338e-02 1.438766e+01
1.116987e-03 3.892822e-02 1.438766e+01
1.127333e-03 4.013964e-02 1.438766e+01
1.137774e-03 4.138874e-02 1.438766e+01
1.148312e-03 4.267665e-02 1.438766e+01
1.158948e-03 4.400462e-02 1.438766e+01
1.169683e-03 4.537396e-02 1.438766e+01
1.180517e-03 4.678595e-02 1.438766e+01
1.191451e-03 4.824190e-02 1.438766e+01
1.202486e-03 4.974311e-02 1.438766e+01
1.213624e-03 5.129097e-02 1.438766e+01
1.224865e-03 5.288700e-02 1.438766e+01
1.236210e-03 5.453278e-02 1.438766e+01
1.247660e-03 5.622980e-02 1.438766e+01
1.259216e-03 5.797957e-02 1.438766e+01
1.270879e-03 5.978375e-02 1.438766e+01
1.282650e-03 6.164410e-02 1.438766e+01
1.294530e-03 6.356235e-02 1.438766e+01
1.306520e-03 6.554029e-02 1.438766e+01
1.318621e-03 6.757979e-02 1.438766e+01
1.330835e-03 6.968278e-02 1.438766e+01
1.343161e-03 7.185123e-02 1.438766e+01
1.355602e-03 7.408714e-02 1.438766e+01
1.368158e-03 7.639259e-02 1.438766e+01
1.380830e-03 7.876972e-02 1.438766e+01
1.393619e-03 8.122084e-02 1.438766e+01
1.406527e-03 8.374830e-02 1.438766e+01
1.419555e-03 8.635445e-02 1.438766e+01
1.432703e-03 8.904167e-02 1.438766e+01
1.445973e-03 9.181249e-02 1.438766e+01
1.459366e-03 9.466951e-02 1.438766e+01
1.472883e-03 9.761546e-02 1.438766e+01
1.486525e-03 1.006531e-01 1.438766e+01
1.500293e-03 1.037853e-01 1.438766e+01
1.514189e-03 1.070147e-01 1.438766e+01
1.528214e-03 1.103447e-01 1.438766e+01
1.542369e-03 1.137785e-01 1.438766e+01
1.556654e-03 1.173191e-01 1.438766e+01
1.571072e-03 1.209698e-01 1.438766e+01
1.585624e-03 1.247341e-01 1.438766e+01
1.600310e-03 1.286156e-01 1.438766e+01
1.615133e-03 1.326180e-01 1.438766e+01
1.630092e-03 1.367450e-01 1.438766e+01
1.645191e-03 1.410004e-01 1.438766e+01
1.660429e-03 1.453880e-01 1.438766e+01
1.675808e-03 1.499120e-01 1.438766e+01
1.691330e-03 1.545769e-01 1.438766e+01
1.706995e-03 1.593871e-01 1.438766e+01
1.722805e-03 1.643471e-01 1.438766e+01
1.738762e-03 1.694614e-01 1.438766e+01
1.754867e-03 1.747346e-01 1.438766e+01
1.771121e-03 1.801719e-01 1.438766e+01
1.787526e-03 1.857785e-01 1.438766e+01
1.804082e-03 1.915596e-01 1.438766e+01
1.820792e-03 1.975207e-01 1.438766e+01
1.837656e-03 2.036671e-01 1.438766e+01
1.854677e-03 2.100048e-01 1.438766e+01
1.871855e-03 2.165397e-01 1.438766e+01
1.889193e-03 2.232782e-01 1.438766e+01
1.906691e-03 2.302263e-01 1.438766e+01
1.924351e-03 2.373905e-01 1.438766e+01
1.942175e-03 2.447775e-01 1.438766e+01
1.960163e-03 2.523945e-01 1.438766e+01
1.978319e-03 2.602486e-01 1.438766e+01
1.996642e-03 2.683471e-01 1.438766e+01
2.015136e-03 2.766977e-01 1.438766e+01
2.033800e-03 2.853080e-01 1.438766e+01
2.052638e-03 2.941863e-01 1.438766e+01
2.071650e-03 3.033409e-01 1.438766e+01
2.090838e-03 3.127804e-01 1.438766e+01
2.110203e-03 3.225136e-01 1.438766e+01
2.129749e-03 3.325496e-01 1.438766e+01
2.149475e-03 3.428977e-01 1.438766e+01
2.169384e-03 3.535678e-01 1.438766e+01
2.189477e-03 3.645703e-01 1.438766e+01
2.209756e-03 3.759153e-01 1.438766e+01
2.230223e-03 3.876130e-01 1.438766e+01
2.250880e-03 3.996746e-01 1.438766e+01
2.271728e-03 4.121119e-01 1.438766e+01
2.292769e-03 4.249363e-01 1.438766e+01
2.314005e-03 4.381595e-01 1.438766e+01
2.335438e-03 4.517940e-01 1.438766e+01
2.357069e-03 4.658529e-01 1.438766e+01
2.378901e-03 4.803494e-01 1.438766e+01
2.400935e-03 4.952970e-01 1.438766e+01
2.423173e-03 5.107098e-01 1.438766e+01
2.445617e-03 5.266023e-01 1.438766e+01
2.468268e-03 5.429893e-01 1.438766e+01
2.491130e-03 5.598861e-01 1.438766e+01
2.514203e-03 5.773087e-01 1.438766e+01
2.537490e-03 5.952736e-01 1.438766e+01
2.560993e-03 6.137976e-01 1.438766e+01
2.584714e-03 6.328978e-01 1.438766e+01
2.608654e-03 6.525922e-01 1.438766e+01
2.632815e-03 6.728998e-01 1.438766e+01
2.657201e-03 6.938394e-01 1.438766e+01
2.681813e-03 7.154302e-01 1.438766e+01
2.706652e-03 7.376928e-01 1.438766e+01
2.731722e-03 7.606486e-01 1.438766e+01
2.757023e-03 7.843190e-01 1.438766e+01
2.782559e-03 8.087256e-01 1.438766e+01
2.808332e-03 8.338914e-01 1.438766e+01
2.834343e-03 8.598403e-01 1.438766e+01
2.860596e-03 8.865967e-01 1.438766e+01
2.887091e-03 9.141860e-01 1.438766e+01
2.913832e-03 9.426340e-01 1.438766e+01
2.940820e-03 9.719671e-01 1.438766e+01
2.968059e-03 1.002213e+00 1.438766e+01
2.995549e-03 1.033400e+00 1.438766e+01
3.023295e-03 1.065558e+00 1.438766e+01
3.051297e-03 1.098716e+00 1.438766e+01
3.079559e-03 1.132907e+00 1.438766e+01
3.108082e-03 1.168161e+00 1.438766e+01
3.136870e-03 1.204511e+00 1.438766e+01
3.165924e-03 1.241993e+00 1.438766e+01
3.195248e-03 1.280642e+00 1.438766e+01
3.224842e-03 1.320493e+00 1.438766e+01
3.254712e-03 1.361585e+00 1.438766e+01
3.284857e-03 1.403955e+00 1.438766e+01
3.315282e-03 1.447643e+00 1.438766e+01
3.345989e-03 1.492691e+00 1.438766e+01
3.376980e-03 1.539140e+00 1.438766e+01
3.408259e-03 1.587035e+00 1.438766e+01
3.439826e-03 1.636421e+00 1.438766e+01
3.471687e-03 1.687344e+00 1.438766e+01
3.503842e-03 1.739852e+00 1.438766e+01
3.536296e-03 1.793993e+00 1.438766e+01
3.569049e-03 1.849819e+00 1.438766e+01
3.602107e-03 1.907381e+00 1.438766e+01
3.635470e-03 1.966735e+00 1.438766e+01
3.669142e-03 2.027936e+00 1.438766e+01
3.703127e-03 2.091041e+00 1.438766e+01
3.737426e-03 2.156110e+00 1.438766e+01
3.772042e-03 2.223205e+00 1.438766e+01
3.806980e-03 2.292387e+00 1.438766e+01
3.842241e-03 2.363722e+00 1.438766e+01
3.877828e-03 2.437277e+00 1.438766e+01
3.913746e-03 2.513121e+00 1.438766e+01
3.949995e-03 2.591325e+00 1.438766e+01
3.986581e-03 2.671962e+00 1.438766e+01
4.023506e-03 2.755109e+00 1.438766e+01
4.060772e-03 2.840842e+00 1.438766e+01
4.098384e-03 2.929245e+00 1.438766e+01
4.136344e-03 3.020398e+00 1.438766e+01
4.174655e-03 3.114387e+00 1.438766e+01
4.213322e-03 3.211301e+00 1.438766e+01
4.252346e-03 3.311231e+00 1.438766e+01
4.291732e-03 3.414270e+00 1.438766e+01
4.331483e-03 3.520515e+00 1.438766e+01
4.371602e-03 3.630066e+00 1.438766e+01
4.412093e-03 3.743027e+00 1.438766e+01
4.452959e-03 3.859504e+00 1.438766e+01
4.494203e-03 3.979605e+00 1.438766e+01
4.535829e-03 4.103443e+00 1.438766e+01
4.577841e-03 4.231135e+00 1.438766e+01
4.620241e-03 4.362801e+00 1.438766e+01
4.663035e-03 4.498563e+00 1.438766e+01
4.706225e-03 4.638549e+00 1.438766e+01
4.749815e-03 4.782892e+00 1.438766e+01
4.793808e-03 4.931728e+00 1.438766e+01
4.838210e-03 5.085195e+00 1.438766e+01
4.883022e-03 5.243437e+00 1.438766e+01
4.928250e-03 5.406602e+00 1.438766e+01
4.973896e-03 5.574845e+00 1.438766e+01
5.019965e-03 5.748325e+00 1.438766e+01
5.066461e-03 5.927204e+00 1.438766e+01
5.113388e-03 6.111648e+00 1.438766e+01
5.160749e-03 6.301831e+00 1.438766e+01
5.208549e-03 6.497931e+00 1.438766e+01
5.256791e-03 6.700134e+00 1.438766e+01
5.305481e-03 6.908631e+00 1.438766e+01
5.354621e-03 7.123616e+00 1.438766e+01
5.404216e-03 7.345291e+00 1.438766e+01
5.454271e-03 7.573863e+00 1.438766e+01
5.504790e-03 7.809547e+00 1.438766e+01
5.555776e-03 8.052565e+00 1.438766e+01
5.607235e-03 8.303146e+00 1.438766e+01
5.659170e-03 8.561526e+00 1.438766e+01
5.711586e-03 8.827945e+00 1.438766e+01
5.764488e-03 9.102655e+00 1.438766e+01
5.817880e-03 9.385913e+00 1.438766e+01
5.871766e-03 9.677987e+00 1.438766e+01
5.926152e-03 9.979149e+00 1.438766e+01
5.981041e-03 1.028968e+01 1.438766e+01
6.036439e-03 1.060988e+01 1.438766e+01
6.092349e-03 1.094003e+01 1.438766e+01
6.148778e-03 1.128047e+01 1.438766e+01
6.205729e-03 1.163150e+01 1.438766e+01
6.263207e-03 1.199345e+01 1.438766e+01
6.321218e-03 1.236666e+01 1.438766e+01
6.379767e-03 1.275149e+01 1.438766e+01
6.438857e-03 1.314830e+01 1.438766e+01
6.498495e-03 1.355745e+01 1.438766e+01
6.558686e-03 1.397933e+01 1.438766e+01
6.619433e-03 1.441434e+01 1.438766e+01
6.680744e-03 1.486289e+01 1.438766e+01
6.742622e-03 1.532540e+01 1.438766e+01
6.805074e-03 1.580230e+01 1.438766e+01
6.868104e-03 1.629403e+01 1.438766e+01
6.931717e-03 1.680106e+01 1.438766e+01
6.995920e-03 1.732388e+01 1.438766e+01
7.060718e-03 1.786297e+01 1.438766e+01
7.126115e-03 1.841884e+01 1.438766e+01
7.192119e-03 1.899201e+01 1.438766e+01
7.258734e-03 1.958300e+01 1.438766e+01
7.325965e-03 2.019239e+01 1.438766e+01
7.393820e-03 2.082073e+01 1.438766e+01
7.462303e-03 2.146864e+01 1.438766e+01
7.531420e-03 2.213670e+01 1.438766e+01
7.601178e-03 2.282555e+01 1.438766e+01
7.671581e-03 2.353585e+01 1.438766e+01
7.742637e-03 2.426824e+01 1.438766e+01
7.814351e-03 2.502342e+01 1.438766e+01
7.886729e-03 2.580210e+01 1.438766e+01
7.959777e-03 2.660501e+01 1.438766e+01
8.033502e-03 2.743292e+01 1.438766e+01
8.107910e-03 2.828658e+01 1.438766e+01
8.183007e-03 2.916681e+01 1.438766e+01
8.258799e-03 3.007443e+01 1.438766e+01
8.335294e-03 3.101029e+01 1.438766e+01
8.412497e-03 3.197527e+01 1.438766e+01
8.490415e-03 3.297028e+01 1.438766e+01
8.569055e-03 3.399625e+01 1.438766e+01
8.648423e-03 3.505416e+01 1.438766e+01
8.728527e-03 3.614498e+01 1.438766e+01
8.809372e-03 3.726974e+01 1.438766e+01
8.890966e-03 3.842951e+01 1.438766e+01
8.973316e-03 3.962537e+01 1.438766e+01
9.056428e-03 4.085844e+01 1.438766e+01
9.140311e-03 4.212988e+01 1.438766e+01
9.224970e-03 4.344089e+01 1.438766e+01
9.310413e-03 4.479269e+01 1.438766e+01
9.396648e-03 4.618656e+01 1.438766e+01
9.483682e-03 4.762380e+01 1.438766e+01
9.571522e-03 4.910577e+01 1.438766e+01
9.660175e-03 5.063385e+01 1.438766e+01
9.749649e-03 5.220948e+01 1.438766e+01
9.839952e-03 5.383414e+01 1.438766e+01
9.931092e-03 5.550936e+01 1.438766e+01
1.002308e-02 5.723672e+01 1.438766e+01
1.011591e-02 5.901784e+01 1.438766e+01
1.020961e-02 6.085438e+01 1.438766e+01
1.030417e-02 6.274805e+01 1.438766e+01
1.039961e-02 6.470063e+01 1.438766e+01
1.049593e-02 6.671399e+01 1.438766e+01
1.059315e-02 6.879000e+01 1.438766e+01
1.069126e-02 7.093058e+01 1.438766e+01
1.079029e-02 7.313778e+01 1.438766e+01
1.089023e-02 7.541369e+01 1.438766e+01
1.099110e-02 7.776046e+01 1.438766e+01
1.109290e-02 8.018029e+01 1.438766e+01
1.119564e-02 8.267542e+01 1.438766e+01
1.129934e-02 8.524815e+01 1.438766e+01
1.140400e-02 8.790089e+01 1.438766e+01
1.150962e-02 9.063613e+01 1.438766e+01
1.161623e-02 9.345647e+01 1.438766e+01
1.172382e-02 9.636464e+01 1.438766e+01
1.183241e-02 9.936337e+01 1.438766e+01
1.194200e-02 1.024554e+02 1.438766e+01
1.205261e-02 1.056437e+02 1.438766e+01
1.216424e-02 1.089311e+02 1.438766e+01
1.227691e-02 1.123208e+02 1.438766e+01
1.239062e-02 1.158160e+02 1.438766e+01
1.250539e-02 1.194200e+02 1.438766e+01
1.262121e-02 1.231363e+02 1.438766e+01
1.273811e-02 1.269681e+02 1.438766e+01
1.285610e-02 1.309191e+02 1.438766e+01
1.297517e-02 1.349929e+02 1.438766e+01
1.309535e-02 1.391936e+02 1.438766e+01
1.321664e-02 1.435252e+02 1.438766e+01
1.333906e-02 1.479915e+02 1.438766e+01
1.346261e-02 1.525968e+02 1.438766e+01
1.358730e-02 1.573453e+02 1.438766e+01
1.371315e-02 1.622415e+02 1.438766e+01
1.384016e-02 1.672900e+02 1.438766e+01
1.396835e-02 1.724956e+02 1.438766e+01
1.409773e-02 1.778635e+02 1.438766e+01
1.422830e-02 1.833984e+02 1.438766e+01
1.436009e-02 1.891054e+02 1.438766e+01
1.449310e-02 1.949899e+02 1.438766e+01
1.462733e-02 2.010576e+02 1.438766e+01
1.476281e-02 2.073144e+02 1.438766e+01
1.489955e-02 2.137657e+02 1.438766e+01
1.503755e-02 2.204177e+02 1.438766e+01
1.517683e-02 2.272766e+02 1.438766e+01
1.531740e-02 2.343489e+02 1.438766e+01
1.545928e-02 2.416414e+02 1.438766e+01
1.560246e-02 2.491608e+02 1.438766e+01
1.574698e-02 2.569141e+02 1.438766e+01
1.589283e-02 2.649088e+02 1.438766e+01
1.604003e-02 2.731525e+02 1.438766e+01
1.618860e-02 2.816528e+02 1.438766e+01
1.633854e-02 2.904175e+02 1.438766e+01
1.648987e-02 2.994547e+02 1.438766e+01
1.664260e-02 3.087729e+02 1.438766e+01
1.679675e-02 3.183811e+02 1.438766e+01
1.695232e-02 3.282886e+02 1.438766e+01
1.710934e-02 3.385045e+02 1.438766e+01
1.726781e-02 3.490381e+02 1.438766e+01
1.742775e-02 3.598995e+02 1.438766e+01
1.758917e-02 3.710989e+02 1.438766e+01
1.775208e-02 3.826469e+02 1.438766e+01
1.791650e-02 3.945541e+02 1.438766e+01
1.808245e-02 4.068318e+02 1.438766e+01
1.824993e-02 4.194919e+02 1.438766e+01
1.841897e-02 4.325460e+02 1.438766e+01
1.858957e-02 4.460061e+02 1.438766e+01
1.876175e-02 4.598849e+02 1.438766e+01
1.893552e-02 4.741957e+02 1.438766e+01
1.911091e-02 4.889519e+02 1.438766e+01
1.928792e-02 5.041669e+02 1.438766e+01
1.946656e-02 5.198553e+02 1.438766e+01
1.964687e-02 5.360321e+02 1.438766e+01
1.982884e-02 5.527126e+02 1.438766e+01
2.001250e-02 5.699121e+02 1.438766e+01
2.019786e-02 5.876466e+02 1.438766e+01
2.038493e-02 6.059331e+02 1.438766e+01
2.057374e-02 6.247887e+02 1.438766e+01
2.076430e-02 6.442310e+02 1.438766e+01
2.095662e-02 6.642784e+02 1.438766e+01
2.115073e-02 6.849496e+02 1.438766e+01
2.134663e-02 7.062642e+02 1.438766e+01
2.154435e-02 7.282418e+02 1.438766e+01
2.174389e-02 7.509032e+02 1.438766e+01
2.194529e-02 7.742699e+02 1.438766e+01
2.214855e-02 7.983637e+02 1.438766e+01
2.235370e-02 8.232071e+02 1.438766e+01
2.256074e-02 8.488236e+02 1.438766e+01
2.276970e-02 8.752379e+02 1.438766e+01
2.298060e-02 9.024744e+02 1.438766e+01
2.319345e-02 9.305576e+02 1.438766e+01
2.340827e-02 9.595141e+02 1.438766e+01
2.362508e-02 9.893722e+02 1.438766e+01
2.384390e-02 1.020160e+03 1.438766e+01
2.406475e-02 1.051906e+03 1.438766e+01
2.428764e-02 1.084639e+03 1.438766e+01
2.451260e-02 1.118392e+03 1.438766e+01
2.473964e-02 1.153194e+03 1.438766e+01
2.496878e-02 1.189079e+03 1.438766e+01
2.520005e-02 1.226081e+03 1.438766e+01
2.543346e-02 1.264234e+03 1.438766e+01
2.566903e-02 1.303576e+03 1.438766e+01
2.590678e-02 1.344140e+03 1.438766e+01
2.614673e-02 1.385967e+03 1.438766e+01
2.638891e-02 1.429096e+03 1.438766e+01
2.663333e-02 1.473567e+03 1.438766e+01
2.688001e-02 1.519422e+03 1.438766e+01
2.712898e-02 1.566703e+03 1.438766e+01
2.738025e-02 1.615455e+03 1.438766e+01
2.763385e-02 1.665725e+03 1.438766e+01
2.788980e-02 1.717560e+03 1.438766e+01
2.814812e-02 1.771008e+03 1.438766e+01
2.840884e-02 1.826119e+03 1.438766e+01
2.867196e-02 1.882944e+03 1.438766e+01
2.893753e-02 1.941538e+03 1.438766e+01
2.920556e-02 2.001955e+03 1.438766e+01
2.947606e-02 2.064252e+03 1.438766e+01
2.974908e-02 2.128488e+03 1.438766e+01
3.002462e-02 2.194723e+03 1.438766e+01
3.030271e-02 2.263019e+03 1.438766e+01
3.058338e-02 2.333439e+03 1.438766e+01
3.086665e-02 2.406051e+03 1.438766e+01
3.115254e-02 2.480923e+03 1.438766e+01
3.144108e-02 2.558125e+03 1.438766e+01
3.173230e-02 2.637730e+03 1.438766e+01
3.202621e-02 2.719811e+03 1.438766e+01
3.232284e-02 2.804446e+03 1.438766e+01
3.262222e-02 2.891714e+03 1.438766e+01
3.292437e-02 2.981699e+03 1.438766e+01
3.322933e-02 3.074485e+03 1.438766e+01
3.353710e-02 3.170157e+03 1.438766e+01
3.384773e-02 3.268806e+03 1.438766e+01
3.416123e-02 3.370526e+03 1.438766e+01
3.447764e-02 3.475412e+03 1.438766e+01
3.479698e-02 3.583561e+03 1.438766e+01
3.511928e-02 3.695074e+03 1.438766e+01
3.544456e-02 3.810058e+03 1.438766e+01
3.577285e-02 3.928621e+03 1.438766e+01
3.610419e-02 4.050872e+03 1.438766e+01
3.643859e-02 4.176926e+03 1.438766e+01
3.677609e-02 4.306905e+03 1.438766e+01
3.711672e-02 4.440929e+03 1.438766e+01
3.746050e-02 4.579123e+03 1.438766e+01
3.780747e-02 4.721615e+03 1.438766e+01
3.815765e-02 4.868543e+03 1.438766e+01
3.851107e-02 5.020045e+03 1.438766e+01
3.886777e-02 5.176260e+03 1.438766e+01
3.922777e-02 5.337336e+03 1.438766e+01
3.959110e-02 5.503423e+03 1.438766e+01
3.995780e-02 5.674679e+03 1.438766e+01
4.032790e-02 5.851264e+03 1.438766e+01
4.070142e-02 6.033345e+03 1.438766e+01
4.107841e-02 6.221091e+03 1.438766e+01
4.145888e-02 6.414679e+03 1.438766e+01
4.184289e-02 6.614292e+03 1.438766e+01
4.223044e-02 6.820119e+03 1.438766e+01
4.262159e-02 7.032349e+03 1.438766e+01
4.301636e-02 7.251181e+03 1.438766e+01
4.341478e-02 7.476826e+03 1.438766e+01
4.381690e-02 7.709494e+03 1.438766e+01
4.422274e-02 7.949399e+03 1.438766e+01
4.463234e-02 8.196766e+03 1.438766e+01
4.504573e-02 8.451835e+03 1.438766e+01
4.546295e-02 8.714843e+03 1.438766e+01
4.588404e-02 8.986034e+03 1.438766e+01
4.630903e-02 9.265660e+03 1.438766e+01
4.673795e-02 9.553989e+03 1.438766e+01
4.717085e-02 9.851294e+03 1.438766e+01
4.760775e-02 1.015785e+04 1.438766e+01
4.804870e-02 1.047394e+04 1.438766e+01
4.849374e-02 1.079987e+04 1.438766e+01
4.894290e-02 1.113595e+04 1.438766e+01
4.939622e-02 1.148248e+04 1.438766e+01
4.985373e-02 1.183979e+04 1.438766e+01
5.031549e-02 1.220822e+04 1.438766e+01
5.078152e-02 1.258812e+04 1.438766e+01
5.125187e-02 1.297984e+04 1.438767e+01
5.172657e-02 1.338375e+04 1.438768e+01
5.220568e-02 1.380023e+04 1.438761e+01
5.268921e-02 1.422967e+04 1.438759e+01
5.317723e-02 1.467247e+04 1.438784e+01
5.366977e-02 1.512905e+04 1.438792e+01
5.416687e-02 1.559983e+04 1.438701e+01
5.466857e-02 1.608527e+04 1.438669e+01
5.517492e-02 1.658581e+04 1.439009e+01
5.568596e-02 1.710193e+04 1.439129e+01
5.620174e-02 1.763414e+04 1.437861e+01
5.672229e-02 1.818290e+04 1.437409e+01
5.724766e-02 1.874857e+04 1.442136e+01
5.777790e-02 1.933194e+04 1.443855e+01
5.831305e-02 1.993411e+04 1.426306e+01
5.885316e-02 2.055464e+04 1.419888e+01
5.939827e-02 2.119193e+04 1.486056e+01
5.994843e-02 2.185048e+04 1.511638e+01
6.050368e-02 2.253968e+04 1.259383e+01
6.106408e-02 2.324470e+04 9.001744e+00
6.162966e-02 2.392761e+04 6.933348e+00
6.220049e-02 2.457482e+04 6.079278e+00
6.277660e-02 2.519758e+04 5.503322e+00
6.335805e-02 2.580086e+04 4.950119e+00
6.394488e-02 2.638267e+04 4.501734e+00
6.453715e-02 2.694290e+04 4.158707e+00
6.513491e-02 2.748349e+04 3.871885e+00
6.573820e-02 2.800593e+04 3.620012e+00
6.634708e-02 2.851122e+04 3.400607e+00
6.696160e-02 2.900059e+04 3.208929e+00
6.758181e-02 2.947548e+04 3.038603e+00
6.820777e-02 2.993738e+04 2.885491e+00
6.883952e-02 3.038783e+04 2.747136e+00
6.947713e-02 3.082841e+04 2.621420e+00
7.012064e-02 3.126083e+04 2.506488e+00
7.077011e-02 3.168686e+04 2.400879e+00
7.142559e-02 3.210836e+04 2.303446e+00
7.208715e-02 3.252726e+04 2.213232e+00
7.275484e-02 3.294559e+04 2.129426e+00
7.342870e-02 3.336546e+04 2.051353e+00
7.410882e-02 3.378906e+04 1.978440e+00
7.479523e-02 3.421868e+04 1.910202e+00
7.548799e-02 3.465668e+04 1.846224e+00
7.618718e-02 3.510554e+04 1.786144e+00
7.689284e-02 3.556781e+04 1.729651e+00
7.760503e-02 3.604616e+04 1.676475e+00
7.832383e-02 3.654333e+04 1.626378e+00
7.904928e-02 3.706216e+04 1.579153e+00
7.978145e-02 3.760560e+04 1.534615e+00
8.052040e-02 3.817669e+04 1.492603e+00
8.126619e-02 3.877858e+04 1.452971e+00
8.201889e-02 3.941452e+04 1.415591e+00
8.277857e-02 4.008786e+04 1.380345e+00
8.354528e-02 4.080206e+04 1.347127e+00
8.431909e-02 4.156068e+04 1.315842e+00
8.510007e-02 4.236739e+04 1.286402e+00
8.588829e-02 4.322599e+04 1.258726e+00
8.668380e-02 4.414036e+04 1.232739e+00
8.748668e-02 4.511450e+04 1.208371e+00
8.829700e-02 4.615255e+04 1.185555e+00
8.911482e-02 4.725873e+04 1.164229e+00
8.994022e-02 4.843741e+04 1.144332e+00
9.077327e-02 4.969304e+04 1.125805e+00
9.161402e-02 5.103022e+04 1.108596e+00
9.246257e-02 5.245367e+04 1.092656e+00
9.331898e-02 5.396821e+04 1.077923e+00
9.418332e-02 5.557882e+04 1.064325e+00
9.505566e-02 5.729057e+04 1.051847e+00
9.593608e-02 5.910868e+04 1.040525e+00
9.682466e-02 6.103849e+04 1.030193e+00
9.772147e-02 6.308550e+04 1.020544e+00
9.862658e-02 6.525529e+04 1.012280e+00
9.954008e-02 6.755355e+04 1.007045e+00
1.004620e-01 6.998619e+04 1.005796e+00
1.013925e-01 7.255936e+04 1.008741e+00
1.023317e-01 7.527922e+04 1.014489e+00
1.032795e-01 7.815193e+04 1.020100e+00
1.042361e-01 8.118390e+04 1.024386e+00
1.052015e-01 8.438176e+04 1.028030e+00
1.061759e-01 8.775230e+04 1.031341e+00
1.071593e-01 9.130247e+04 1.034156e+00
1.081519e-01 9.503933e+04 1.036422e+00
1.091536e-01 9.897008e+04 1.038218e+00
1.101646e-01 1.031021e+05 1.039594e+00
1.111850e-01 1.074428e+05 1.040571e+00
1.122148e-01 1.119998e+05 1.041175e+00
1.132541e-01 1.167812e+05 1.041441e+00
1.143031e-01 1.217950e+05 1.041404e+00
1.153618e-01 1.270498e+05 1.041093e+00
1.164303e-01 1.325538e+05 1.040540e+00
1.175087e-01 1.383153e+05 1.039774e+00
1.185971e-01 1.443431e+05 1.038821e+00
1.196956e-01 1.506465e+05 1.037708e+00
1.208042e-01 1.572349e+05 1.036460e+00
1.219231e-01 1.641173e+05 1.035098e+00
1.230524e-01 1.713035e+05 1.033644e+00
1.241921e-01 1.788033e+05 1.032118e+00
1.253424e-01 1.866270e+05 1.030537e+00
1.265034e-01 1.947847e+05 1.028917e+00
1.276751e-01 2.032867e+05 1.027272e+00
1.288576e-01 2.121444e+05 1.025616e+00
1.300511e-01 2.213689e+05 1.023960e+00
1.312557e-01 2.309713e+05 1.022315e+00
1.324714e-01 2.409630e+05 1.020690e+00
1.336984e-01 2.513563e+05 1.019093e+00
1.349367e-01 2.621634e+05 1.017532e+00
1.361865e-01 2.733968e+05 1.016012e+00
1.374479e-01 2.850694e+05 1.014541e+00
1.387210e-01 2.971941e+05 1.013124e+00
1.400058e-01 3.097845e+05 1.011766e+00
1.413026e-01 3.228547e+05 1.010474e+00
1.426114e-01 3.364191e+05 1.009255e+00
1.439323e-01 3.504919e+05 1.008117e+00
1.452654e-01 3.650881e+05 1.007093e+00
1.466109e-01 3.802240e+05 1.006245e+00
1.479688e-01 3.959154e+05 1.005658e+00
1.493393e-01 4.121778e+05 1.005437e+00
1.507225e-01 4.290278e+05 1.005557e+00
1.521186e-01 4.464838e+05 1.005852e+00
1.535275e-01 4.645636e+05 1.006210e+00
1.549495e-01 4.832845e+05 1.006591e+00
1.563847e-01 5.026652e+05 1.006971e+00
1.578331e-01 5.227264e+05 1.007341e+00
1.592950e-01 5.434882e+05 1.007694e+00
1.607704e-01 5.649700e+05 1.008027e+00
1.622595e-01 5.871926e+05 1.008339e+00
1.637624e-01 6.101785e+05 1.008627e+00
1.652792e-01 6.339509e+05 1.008891e+00
1.668101e-01 6.585331e+05 1.009131e+00
1.683551e-01 6.839487e+05 1.009346e+00
1.699144e-01 7.102211e+05 1.009537e+00
1.714882e-01 7.373758e+05 1.009703e+00
1.730766e-01 7.654402e+05 1.009846e+00
1.746796e-01 7.944414e+05 1.009964e+00
1.762975e-01 8.244063e+05 1.010060e+00
1.779304e-01 8.553629e+05 1.010134e+00
1.795785e-01 8.873417e+05 1.010186e+00
1.812418e-01 9.203732e+05 1.010217e+00
1.829205e-01 9.544881e+05 1.010228e+00
1.846147e-01 9.897185e+05 1.010221e+00
1.863246e-01 1.026098e+06 1.010195e+00
1.880504e-01 1.063662e+06 1.010151e+00
1.897922e-01 1.102444e+06 1.010091e+00
1.915501e-01 1.142480e+06 1.010016e+00
1.933242e-01 1.183808e+06 1.009926e+00
1.951148e-01 1.226467e+06 1.009821e+00
1.969220e-01 1.270497e+06 1.009705e+00
1.987460e-01 1.315939e+06 1.009577e+00
2.005868e-01 1.362832e+06 1.009438e+00
2.024447e-01 1.411220e+06 1.009288e+00
2.043197e-01 1.461148e+06 1.009130e+00
2.062122e-01 1.512663e+06 1.008963e+00
2.081222e-01 1.565809e+06 1.008789e+00
2.100498e-01 1.620635e+06 1.008609e+00
2.119953e-01 1.677191e+06 1.008424e+00
2.139589e-01 1.735526e+06 1.008234e+00
2.159406e-01 1.795692e+06 1.008040e+00
2.179407e-01 1.857740e+06 1.007844e+00
2.199593e-01 1.921728e+06 1.007646e+00
2.219966e-01 1.987713e+06 1.007446e+00
2.240528e-01 2.055748e+06 1.007247e+00
2.261280e-01 2.125890e+06 1.007048e+00
2.282224e-01 2.198204e+06 1.006850e+00
2.303363e-01 2.272750e+06 1.006655e+00
2.324697e-01 2.349589e+06 1.006463e+00
2.346229e-01 2.428783e+06 1.006275e+00
2.367960e-01 2.510399e+06 1.006091e+00
2.389893e-01 2.594504e+06 1.005913e+00
2.412028e-01 2.681166e+06 1.005741e+00
2.434369e-01 2.770454e+06 1.005577e+00
2.456916e-01 2.862440e+06 1.005421e+00
2.479673e-01 2.957193e+06 1.005273e+00
2.502640e-01 3.054787e+06 1.005134e+00
2.525820e-01 3.155298e+06 1.005005e+00
2.549215e-01 3.258801e+06 1.004886e+00
2.572826e-01 3.365373e+06 1.004777e+00
2.596656e-01 3.475092e+06 1.004679e+00
2.620707e-01 3.588036e+06 1.004591e+00
2.644980e-01 3.704290e+06 1.004512e+00
2.669478e-01 3.823936e+06 1.004443e+00
2.694204e-01 3.947053e+06 1.004382e+00
2.719158e-01 4.073726e+06 1.004330e+00
2.744343e-01 4.204043e+06 1.004284e+00
2.769762e-01 4.338090e+06 1.004243e+00
2.795416e-01 4.475951e+06 1.004208e+00
2.821308e-01 4.617714e+06 1.004176e+00
2.847439e-01 4.763470e+06 1.004147e+00
2.873813e-01 4.913312e+06 1.004120e+00
2.900430e-01 5.067330e+06 1.004096e+00
2.927295e-01 5.225614e+06 1.004072e+00
2.954408e-01 5.388255e+06 1.004049e+00
2.981772e-01 5.555345e+06 1.004027e+00
3.009390e-01 5.726979e+06 1.004005e+00
3.037264e-01 5.903251e+06 1.003984e+00
3.065395e-01 6.084259e+06 1.003963e+00
3.093788e-01 6.270098e+06 1.003944e+00
3.122443e-01 6.460861e+06 1.003925e+00
3.151363e-01 6.656644e+06 1.003907e+00
3.180552e-01 6.857543e+06 1.003891e+00
3.210011e-01 7.063654e+06 1.003877e+00
3.239743e-01 7.275074e+06 1.003866e+00
3.269750e-01 7.491899e+06 1.003858e+00
3.300035e-01 7.714225e+06 1.003853e+00
3.330600e-01 7.942147e+06 1.003852e+00
3.361449e-01 8.175764e+06 1.003855e+00
3.392583e-01 8.415170e+06 1.003863e+00
3.424006e-01 8.660464e+06 1.003875e+00
3.455720e-01 8.911738e+06 1.003892e+00
3.487727e-01 9.169086e+06 1.003915e+00
3.520031e-01 9.432600e+06 1.003944e+00
3.552635e-01 9.702375e+06 1.003978e+00
3.585540e-01 9.978504e+06 1.004017e+00
3.618750e-01 1.026108e+07 1.004062e+00
3.652267e-01 1.055019e+07 1.004111e+00
3.686095e-01 1.084593e+07 1.004166e+00
3.720237e-01 1.114840e+07 1.004226e+00
3.754694e-01 1.145765e+07 1.004290e+00
3.789471e-01 1.177380e+07 1.004358e+00
3.824570e-01 1.209692e+07 1.004430e+00
3.859994e-01 1.242710e+07 1.004505e+00
3.895746e-01 1.276443e+07 1.004583e+00
3.931829e-01 1.310897e+07 1.004663e+00
3.968246e-01 1.346081e+07 1.004746e+00
4.005001e-01 1.382003e+07 1.004832e+00
4.042096e-01 1.418670e+07 1.004918e+00
4.079535e-01 1.456091e+07 1.005006e+00
4.117320e-01 1.494271e+07 1.005095e+00
4.155455e-01 1.533216e+07 1.005184e+00
4.193944e-01 1.572936e+07 1.005274e+00
4.232789e-01 1.613437e+07 1.005364e+00
4.271994e-01 1.654724e+07 1.005454e+00
4.311562e-01 1.696802e+07 1.005543e+00
4.351497e-01 1.739678e+07 1.005632e+00
4.391801e-01 1.783359e+07 1.005720e+00
4.432479e-01 1.827850e+07 1.005807e+00
4.473533e-01 1.873155e+07 1.005892e+00
4.514968e-01 1.919278e+07 1.005976e+00
4.556786e-01 1.966225e+07 1.006058e+00
4.598992e-01 2.014000e+07 1.006139e+00
4.641589e-01 2.062607e+07 1.006216e+00
4.684580e-01 2.112050e+07 1.006292e+00
4.727970e-01 2.162331e+07 1.006366e+00
4.771761e-01 2.213454e+07 1.006437e+00
4.815958e-01 2.265421e+07 1.006506e+00
4.860564e-01 2.318235e+07 1.006571e+00
4.905584e-01 2.371899e+07 1.006634e+00
4.951020e-01 2.426414e+07 1.006693e+00
4.996877e-01 2.481782e+07 1.006750e+00
5.043159e-01 2.538003e+07 1.006804e+00
5.089870e-01 2.595079e+07 1.006854e+00
5.137014e-01 2.653009e+07 1.006901e+00
5.184594e-01 2.711793e+07 1.006944e+00
5.232614e-01 2.771432e+07 1.006985e+00
5.281080e-01 2.831927e+07 1.007022e+00
5.329994e-01 2.893274e+07 1.007055e+00
5.379362e-01 2.955474e+07 1.007085e+00
5.429186e-01 3.018524e+07 1.007111e+00
5.479472e-01 3.082421e+07 1.007134e+00
5.530224e-01 3.147164e+07 1.007154e+00
5.581446e-01 3.212751e+07 1.007169e+00
5.633143e-01 3.279178e+07 1.007181e+00
5.685318e-01 3.346441e+07 1.007190e+00
5.737976e-01 3.414537e+07 1.007195e+00
5.791123e-01 3.483462e+07 1.007197e+00
5.844761e-01 3.553211e+07 1.007195e+00
5.898896e-01 3.623778e+07 1.007190e+00
5.953533e-01 3.695160e+07 1.007181e+00
6.008676e-01 3.767350e+07 1.007169e+00
6.064329e-01 3.840341e+07 1.007154e+00
6.120498e-01 3.914127e+07 1.007136e+00
6.177188e-01 3.988702e+07 1.007115e+00
6.234402e-01 4.064059e+07 1.007090e+00
6.292146e-01 4.140190e+07 1.007062e+00
6.350425e-01 4.217088e+07 1.007033e+00
6.409244e-01 4.294742e+07 1.007000e+00
6.468608e-01 4.373146e+07 1.006964e+00
6.528521e-01 4.452291e+07 1.006925e+00
6.588990e-01 4.532166e+07 1.006884e+00
6.650018e-01 4.612764e+07 1.006840e+00
6.711612e-01 4.694073e+07 1.006795e+00
6.773776e-01 4.776082e+07 1.006747e+00
6.836516e-01 4.858781e+07 1.006696e+00
6.899837e-01 4.942160e+07 1.006643e+00
6.963745e-01 5.026206e+07 1.006589e+00
7.028244e-01 5.110909e+07 1.006533e+00
7.093341e-01 5.196257e+07 1.006475e+00
7.159041e-01 5.282235e+07 1.006416e+00
7.225349e-01 5.368832e+07 1.006355e+00
7.292272e-01 5.456035e+07 1.006293e+00
7.359814e-01 5.543831e+07 1.006229e+00
7.427982e-01 5.632206e+07 1.006165e+00
7.496782e-01 5.721147e+07 1.006099e+00
7.566219e-01 5.810638e+07 1.006032e+00
7.636298e-01 5.900666e+07 1.005966e+00
7.707027e-01 5.991216e+07 1.005898e+00
7.778411e-01 6.082273e+07 1.005830e+00
7.850456e-01 6.173821e+07 1.005761e+00
7.923169e-01 6.265843e+07 1.005692e+00
7.996555e-01 6.358326e+07 1.005623e+00
8.070620e-01 6.451252e+07 1.005555e+00
8.145372e-01 6.544606e+07 1.005486e+00
8.220816e-01 6.638371e+07 1.005418e+00
8.296959e-01 6.732529e+07 1.005350e+00
8.373807e-01 6.827063e+07 1.005282e+00
8.451366e-01 6.921957e+07 1.005215e+00
8.529644e-01 7.017194e+07 1.005150e+00
8.608648e-01 7.112754e+07 1.005085e+00
8.688383e-01 7.208621e+07 1.005021e+00
8.768856e-01 7.304776e+07 1.004957e+00
8.850075e-01 7.401201e+07 1.004895e+00
8.932046e-01 7.497876e+07 1.004834e+00
9.014776e-01 7.594785e+07 1.004775e+00
9.098273e-01 7.691907e+07 1.004717e+00
9.182543e-01 7.789224e+07 1.004661e+00
9.267593e-01 7.886717e+07 1.004606e+00
9.353432e-01 7.984367e+07 1.004553e+00
9.440065e-01 8.082154e+07 1.004502e+00
9.527500e-01 8.180058e+07 1.004453e+00
9.615746e-01 8.278060e+07 1.004405e+00
9.704809e-01 8.376139e+07 1.004358e+00
9.794697e-01 8.474277e+07 1.004314e+00
9.885417e-01 8.572453e+07 1.004272e+00
9.976978e-01 8.670649e+07 1.004232e+00
1.006939e+00 8.768845e+07 1.004193e+00
1.016265e+00 8.867017e+07 1.004156e+00
1.025678e+00 8.965144e+07 1.004121e+00
1.035178e+00 9.063206e+07 1.004088e+00
1.044766e+00 9.161186e+07 1.004057e+00
1.054443e+00 9.259063e+07 1.004028e+00
1.064209e+00 9.356818e+07 1.004000e+00
1.074066e+00 9.454429e+07 1.003974e+00
1.084014e+00 9.551876e+07 1.003949e+00
1.094055e+00 9.649137e+07 1.003927e+00
1.104188e+00 9.746194e+07 1.003905e+00
1.114415e+00 9.843022e+07 1.003885e+00
1.124737e+00 9.939601e+07 1.003867e+00
1.135155e+00 1.003592e+08 1.003850e+00
1.145669e+00 1.013195e+08 1.003835e+00
1.156280e+00 1.022768e+08 1.003821e+00
1.166990e+00 1.032307e+08 1.003809e+00
1.177799e+00 1.041811e+08 1.003798e+00
1.188708e+00 1.051280e+08 1.003788e+00
1.199718e+00 1.060709e+08 1.003779e+00
1.210830e+00 1.070096e+08 1.003772e+00
1.222045e+00 1.079441e+08 1.003767e+00
1.233363e+00 1.088742e+08 1.003762e+00
1.244787e+00 1.097996e+08 1.003759e+00
1.256317e+00 1.107201e+08 1.003758e+00
1.267953e+00 1.116356e+08 1.003758e+00
1.279697e+00 1.125458e+08 1.003760e+00
1.291550e+00 1.134507e+08 1.003763e+00
1.303512e+00 1.143498e+08 1.003768e+00
1.315586e+00 1.152432e+08 1.003775e+00
1.327771e+00 1.161306e+08 1.003783e+00
1.340069e+00 1.170117e+08 1.003792e+00
1.352481e+00 1.178865e+08 1.003804e+00
1.365008e+00 1.187547e+08 1.003818e+00
1.377651e+00 1.196163e+08 1.003834e+00
1.390411e+00 1.204709e+08 1.003851e+00
1.403289e+00 1.213185e+08 1.003870e+00
1.416287e+00 1.221588e+08 1.003892e+00
1.429405e+00 1.229917e+08 1.003916e+00
1.442644e+00 1.238171e+08 1.003942e+00
1.456006e+00 1.246347e+08 1.003970e+00
1.469492e+00 1.254444e+08 1.003999e+00
1.483103e+00 1.262461e+08 1.004031e+00
1.496839e+00 1.270396e+08 1.004065e+00
1.510703e+00 1.278247e+08 1.004102e+00
1.524696e+00 1.286012e+08 1.004140e+00
1.538818e+00 1.293692e+08 1.004181e+00
1.553071e+00 1.301283e+08 1.004223e+00
1.567455e+00 1.308786e+08 1.004266e+00
1.581973e+00 1.316197e+08 1.004312e+00
1.596626e+00 1.323516e+08 1.004361e+00
1.611414e+00 1.330742e+08 1.004411e+00
1.626340e+00 1.337874e+08 1.004462e+00
1.641403e+00 1.344909e+08 1.004514e+00
1.656606e+00 1.351847e+08 1.004569e+00
1.671950e+00 1.358688e+08 1.004625e+00
1.687436e+00 1.365430e+08 1.004682e+00
1.703065e+00 1.372071e+08 1.004740e+00
1.718839e+00 1.378611e+08 1.004799e+00
1.734759e+00 1.385048e+08 1.004860e+00
1.750827e+00 1.391381e+08 1.004921e+00
1.767044e+00 1.397611e+08 1.004983e+00
1.783410e+00 1.403735e+08 1.005045e+00
1.799929e+00 1.409754e+08 1.005108e+00
1.816600e+00 1.415666e+08 1.005170e+00
1.833425e+00 1.421470e+08 1.005234e+00
1.850407e+00 1.427166e+08 1.005297e+00
1.867546e+00 1.432753e+08 1.005360e+00
1.884843e+00 1.438230e+08 1.005423e+00
1.902301e+00 1.443598e+08 1.005485e+00
1.919921e+00 1.448855e+08 1.005547e+00
1.937703e+00 1.454002e+08 1.005609e+00
1.955651e+00 1.459036e+08 1.005669e+00
1.973764e+00 1.463958e+08 1.005728e+00
1.992046e+00 1.468768e+08 1.005787e+00
2.010496e+00 1.473466e+08 1.005845e+00
2.029118e+00 1.478050e+08 1.005901e+00
2.047912e+00 1.482521e+08 1.005955e+00
2.066880e+00 1.486880e+08 1.006008e+00
2.086024e+00 1.491125e+08 1.006060e+00
2.105345e+00 1.495256e+08 1.006109e+00
2.124845e+00 1.499273e+08 1.006157e+00
2.144526e+00 1.503178e+08 1.006203e+00
2.164389e+00 1.506969e+08 1.006246e+00
2.184436e+00 1.510646e+08 1.006287e+00
2.204669e+00 1.514210e+08 1.006326e+00
2.225089e+00 1.517661e+08 1.006363e+00
2.245698e+00 1.520999e+08 1.006397e+00
2.266498e+00 1.524224e+08 1.006429e+00
2.287491e+00 1.527338e+08 1.006457e+00
2.308678e+00 1.530340e+08 1.006483e+00
2.330061e+00 1.533229e+08 1.006506e+00
2.351643e+00 1.536005e+08 1.006527e+00
2.373424e+00 1.538678e+08 1.006545e+00
2.395407e+00 1.541246e+08 1.006559e+00
2.417594e+00 1.543678e+08 1.006570e+00
2.439986e+00 1.545984e+08 1.006579e+00
2.462586e+00 1.548276e+08 1.006585e+00
2.485395e+00 1.550449e+08 1.006591e+00
2.508415e+00 1.551786e+08 1.006594e+00
2.531648e+00 1.551921e+08 1.006595e+00
2.555097e+00 1.551639e+08 1.006594e+00
2.578763e+00 1.551603e+08 1.006594e+00
2.602648e+00 1.551678e+08 1.006594e+00
2.626754e+00 1.551688e+08 1.006594e+00
2.651084e+00 1.551668e+08 1.006594e+00
2.675638e+00 1.551665e+08 1.006594e+00
2.700421e+00 1.551671e+08 1.006594e+00
2.725433e+00 1.551671e+08 1.006594e+00
2.750676e+00 1.551670e+08 1.006594e+00
2.776153e+00 1.551670e+08 1.006594e+00
2.801867e+00 1.551670e+08 1.006594e+00
2.827818e+00 1.551670e+08 1.006594e+00
2.854010e+00 1.551670e+08 1.006594e+00
2.880444e+00 1.551670e+08 1.006594e+00
2.907123e+00 1.551670e+08 1.006594e+00
2.934050e+00 1.551670e+08 1.006594e+00
2.961225e+00 1.551670e+08 1.006594e+00
2.988653e+00 1.551670e+08 1.006594e+00
3.016334e+00 1.551670e+08 1.006594e+00
3.044272e+00 1.551670e+08 1.006594e+00
3.072469e+00 1.551670e+08 1.006594e+00
3.100927e+00 1.551670e+08 1.006594e+00
3.129648e+00 1.551670e+08 1.006594e+00
3.158635e+00 1.551670e+08 1.006594e+00
3.187891e+00 1.551670e+08 1.006594e+00
3.217418e+00 1.551670e+08 1.006594e+00
3.247218e+00 1.551670e+08 1.006594e+00
3.277295e+00 1.551670e+08 1.006594e+00
3.307650e+00 1.551670e+08 1.006594e+00
3.338286e+00 1.551670e+08 1.006594e+00
3.369206e+00 1.551670e+08 1.006594e+00
3.400412e+00 1.551670e+08 1.006594e+00
3.431907e+00 1.551670e+08 1.006594e+00
3.463694e+00 1.551670e+08 1.006594e+00
3.495776e+00 1.551670e+08 1.006594e+00
3.528154e+00 1.551670e+08 1.006594e+00
3.560833e+00 1.551670e+08 1.006594e+00
3.593814e+00 1.551670e+08 1.006594e+00
3.627100e+00 1.551670e+08 1.006594e+00
3.660695e+00 1.551670e+08 1.006594e+00
3.694601e+00 1.551670e+08 1.006594e+00
3.728821e+00 1.551670e+08 1.006594e+00
3.763358e+00 1.551670e+08 1.006594e+00
3.798215e+00 1.551670e+08 1.006594e+00
3.833395e+00 1.551670e+08 1.006594e+00
3.868901e+00 1.551670e+08 1.006594e+00
3.904735e+00 1.551670e+08 1.006594e+00
3.940902e+00 1.551670e+08 1.006594e+00
3.977403e+00 1.551670e+08 1.006594e+00
4.014242e+00 1.551670e+08 1.006594e+00
4.051423e+00 1.551670e+08 1.006594e+00
4.088948e+00 1.551670e+08 1.006594e+00
4.126821e+00 1.551670e+08 1.006594e+00
4.165044e+00 1.551670e+08 1.006594e+00
4.203622e+00 1.551670e+08 1.006594e+00
4.242556e+00 1.551670e+08 1.006594e+00
4.281852e+00 1.551670e+08 1.006594e+00
4.321511e+00 1.551670e+08 1.006594e+00
4.361538e+00 1.551670e+08 1.006594e+00
4.401935e+00 1.551670e+08 1.006594e+00
4.442707e+00 1.551670e+08 1.006594e+00
4.483856e+00 1.551670e+08 1.006594e+00
4.525386e+00 1.551670e+08 1.006594e+00
4.567301e+00 1.551670e+08 1.006594e+00
4.609604e+00 1.551670e+08 1.006594e+00
4.652300e+00 1.551670e+08 1.006594e+00
4.695390e+00 1.551670e+08 1.006594e+00
4.738880e+00 1.551670e+08 1.006594e+00
4.782772e+00 1.551670e+08 1.006594e+00
4.827071e+00 1.551670e+08 1.006594e+00
4.871780e+00 1.551670e+08 1.006594e+00
4.916904e+00 1.551670e+08 1.006594e+00
4.962445e+00 1.551670e+08 1.006594e+00
5.008408e+00 1.551670e+08 1.006594e+00
5.054797e+00 1.551670e+08 1.006594e+00
5.101615e+00 1.551670e+08 1.006594e+00
5.148867e+00 1.551670e+08 1.006594e+00
5.196557e+00 1.551670e+08 1.006594e+00
5.244689e+00 1.551670e+08 1.006594e+00
5.293266e+00 1.551670e+08 1.006594e+00
5.342293e+00 1.551670e+08 1.006594e+00
5.391775e+00 1.551670e+08 1.006594e+00
5.441714e+00 1.551670e+08 1.006594e+00
5.492116e+00 1.551670e+08 1.006594e+00
5.542986e+00 1.551670e+08 1.006594e+00
5.594326e+00 1.551670e+08 1.006594e+00
5.646141e+00 1.551670e+08 1.006594e+00
5.698437e+00 1.551670e+08 1.006594e+00
5.751217e+00 1.551670e+08 1.006594e+00
5.804486e+00 1.551670e+08 1.006594e+00
5.858248e+00 1.551670e+08 1.006594e+00
5.912508e+00 1.551670e+08 1.006594e+00
5.967271e+00 1.551670e+08 1.006594e+00
6.022541e+00 1.551670e+08 1.006594e+00
6.078323e+00 1.551670e+08 1.006594e+00
6.134622e+00 1.551670e+08 1.006594e+00
6.191442e+00 1.551670e+08 1.006594e+00
6.248788e+00 1.551670e+08 1.006594e+00
6.306666e+00 1.551670e+08 1.006594e+00
6.365079e+00 1.551670e+08 1.006594e+00
6.424034e+00 1.551670e+08 1.006594e+00
6.483534e+00 1.551670e+08 1.006594e+00
6.543586e+00 1.551670e+08 1.006594e+00
6.604194e+00 1.551670e+08 1.006594e+00
6.665363e+00 1.551670e+08 1.006594e+00
6.727099e+00 1.551670e+08 1.006594e+00
6.789407e+00 1.551670e+08 1.006594e+00
6.852292e+00 1.551670e+08 1.006594e+00
6.915759e+00 1.551670e+08 1.006594e+00
6.979814e+00 1.551670e+08 1.006594e+00
7.044462e+00 1.551670e+08 1.006594e+00
7.109709e+00 1.551670e+08 1.006594e+00
7.175561e+00 1.551670e+08 1.006594e+00
7.242022e+00 1.551670e+08 1.006594e+00
7.309099e+00 1.551670e+08 1.006594e+00
7.376798e+00 1.551670e+08 1.006594e+00
7.445123e+00 1.551670e+08 1.006594e+00
7.514081e+00 1.551670e+08 1.006594e+00
7.583678e+00 1.551670e+08 1.006594e+00
7.653919e+00 1.551670e+08 1.006594e+00
7.724811e+00 1.551670e+08 1.006594e+00
7.796360e+00 1.551670e+08 1.006594e+00
7.868572e+00 1.551670e+08 1.006594e+00
7.941452e+00 1.551670e+08 1.006594e+00
8.015007e+00 1.551670e+08 1.006594e+00
8.089243e+00 1.551670e+08 1.006594e+00
8.164168e+00 1.551670e+08 1.006594e+00
8.239786e+00 1.551670e+08 1.006594e+00
8.316104e+00 1.551670e+08 1.006594e+00
8.393129e+00 1.551670e+08 1.006594e+00
8.470868e+00 1.551670e+08 1.006594e+00
8.549327e+00 1.551670e+08 1.006594e+00
8.628513e+00 1.551670e+08 1.006594e+00
8.708431e+00 1.551670e+08 1.006594e+00
8.789091e+00 1.551670e+08 1.006594e+00
8.870497e+00 1.551670e+08 1.006594e+00
8.952657e+00 1.551670e+08 1.006594e+00
9.035578e+00 1.551670e+08 1.006594e+00
9.119268e+00 1.551670e+08 1.006594e+00
9.203732e+00 1.551670e+08 1.006594e+00
9.288979e+00 1.551670e+08 1.006594e+00
9.375015e+00 1.551670e+08 1.006594e+00
9.461848e+00 1.551670e+08 1.006594e+00
9.549486e+00 1.551670e+08 1.006594e+00
9.637935e+00 1.551670e+08 1.006594e+00
9.727203e+00 1.551670e+08 1.006594e+00
9.817298e+00 1.551670e+08 1.006594e+00
9.908228e+00 1.551670e+08 1.006594e+00
1.000000e+01 1.551670e+08 1.006594e+00
