# Li7 + p > a + a   [Li7_p__a_a]   ref=Parthenope3.0 (Serpico et al 2004)
# Forward rate N_A<sigma v> [cm^3 mol^-1 s^-1] extracted from
# parthenope3.0.f (default PIS2020 nuclear-rate selection).
# error column = sqrt((1+drate_up)/(1+drate_lo)), the full Parthenope
# 1-sigma multiplicative envelope (statistical fp/fm + systematic floor).
# NOTE: lowest 188 T9 points (below the fit validity floor, where
#   the published polynomial extrapolates non-physically) are filled by
#   log-log extrapolation; this region is dynamically frozen for BBN.
# T9                 rate                error
1.000000e-03 6.639483e-15 3.446225e+00
1.009262e-03 7.166943e-15 3.446225e+00
1.018610e-03 7.736317e-15 3.446225e+00
1.028045e-03 8.350926e-15 3.446225e+00
1.037567e-03 9.014350e-15 3.446225e+00
1.047177e-03 9.730462e-15 3.446225e+00
1.056876e-03 1.050347e-14 3.446225e+00
1.066665e-03 1.133794e-14 3.446225e+00
1.076545e-03 1.223869e-14 3.446225e+00
1.086516e-03 1.321096e-14 3.446225e+00
1.096579e-03 1.426045e-14 3.446225e+00
1.106736e-03 1.539334e-14 3.446225e+00
1.116987e-03 1.661627e-14 3.446225e+00
1.127333e-03 1.793638e-14 3.446225e+00
1.137774e-03 1.936134e-14 3.446225e+00
1.148312e-03 2.089943e-14 3.446225e+00
1.158948e-03 2.255970e-14 3.446225e+00
1.169683e-03 2.435192e-14 3.446225e+00
1.180517e-03 2.628658e-14 3.446225e+00
1.191451e-03 2.837496e-14 3.446225e+00
1.202486e-03 3.062920e-14 3.446225e+00
1.213624e-03 3.306241e-14 3.446225e+00
1.224865e-03 3.568892e-14 3.446225e+00
1.236210e-03 3.852425e-14 3.446225e+00
1.247660e-03 4.158487e-14 3.446225e+00
1.259216e-03 4.488852e-14 3.446225e+00
1.270879e-03 4.845457e-14 3.446225e+00
1.282650e-03 5.230395e-14 3.446225e+00
1.294530e-03 5.645917e-14 3.446225e+00
1.306520e-03 6.094449e-14 3.446225e+00
1.318621e-03 6.578617e-14 3.446225e+00
1.330835e-03 7.101254e-14 3.446225e+00
1.343161e-03 7.665415e-14 3.446225e+00
1.355602e-03 8.274393e-14 3.446225e+00
1.368158e-03 8.931740e-14 3.446225e+00
1.380830e-03 9.641290e-14 3.446225e+00
1.393619e-03 1.040721e-13 3.446225e+00
1.406527e-03 1.123401e-13 3.446225e+00
1.419555e-03 1.212650e-13 3.446225e+00
1.432703e-03 1.308989e-13 3.446225e+00
1.445973e-03 1.412980e-13 3.446225e+00
1.459366e-03 1.525232e-13 3.446225e+00
1.472883e-03 1.646402e-13 3.446225e+00
1.486525e-03 1.777199e-13 3.446225e+00
1.500293e-03 1.918385e-13 3.446225e+00
1.514189e-03 2.070785e-13 3.446225e+00
1.528214e-03 2.235292e-13 3.446225e+00
1.542369e-03 2.412872e-13 3.446225e+00
1.556654e-03 2.604562e-13 3.446225e+00
1.571072e-03 2.811477e-13 3.446225e+00
1.585624e-03 3.034829e-13 3.446225e+00
1.600310e-03 3.275927e-13 3.446225e+00
1.615133e-03 3.536183e-13 3.446225e+00
1.630092e-03 3.817119e-13 3.446225e+00
1.645191e-03 4.120372e-13 3.446225e+00
1.660429e-03 4.447707e-13 3.446225e+00
1.675808e-03 4.801042e-13 3.446225e+00
1.691330e-03 5.182448e-13 3.446225e+00
1.706995e-03 5.594161e-13 3.446225e+00
1.722805e-03 6.038593e-13 3.446225e+00
1.738762e-03 6.518331e-13 3.446225e+00
1.754867e-03 7.036164e-13 3.446225e+00
1.771121e-03 7.595129e-13 3.446225e+00
1.787526e-03 8.198511e-13 3.446225e+00
1.804082e-03 8.849837e-13 3.446225e+00
1.820792e-03 9.552908e-13 3.446225e+00
1.837656e-03 1.031183e-12 3.446225e+00
1.854677e-03 1.113102e-12 3.446225e+00
1.871855e-03 1.201531e-12 3.446225e+00
1.889193e-03 1.296987e-12 3.446225e+00
1.906691e-03 1.400026e-12 3.446225e+00
1.924351e-03 1.511249e-12 3.446225e+00
1.942175e-03 1.631307e-12 3.446225e+00
1.960163e-03 1.760903e-12 3.446225e+00
1.978319e-03 1.900795e-12 3.446225e+00
1.996642e-03 2.051802e-12 3.446225e+00
2.015136e-03 2.214807e-12 3.446225e+00
2.033800e-03 2.390761e-12 3.446225e+00
2.052638e-03 2.580694e-12 3.446225e+00
2.071650e-03 2.785714e-12 3.446225e+00
2.090838e-03 3.007022e-12 3.446225e+00
2.110203e-03 3.245913e-12 3.446225e+00
2.129749e-03 3.503780e-12 3.446225e+00
2.149475e-03 3.782126e-12 3.446225e+00
2.169384e-03 4.082585e-12 3.446225e+00
2.189477e-03 4.406927e-12 3.446225e+00
2.209756e-03 4.757039e-12 3.446225e+00
2.230223e-03 5.134950e-12 3.446225e+00
2.250880e-03 5.542881e-12 3.446225e+00
2.271728e-03 5.983233e-12 3.446225e+00
2.292769e-03 6.458574e-12 3.446225e+00
2.314005e-03 6.971666e-12 3.446225e+00
2.335438e-03 7.525511e-12 3.446225e+00
2.357069e-03 8.123361e-12 3.446225e+00
2.378901e-03 8.768711e-12 3.446225e+00
2.400935e-03 9.465329e-12 3.446225e+00
2.423173e-03 1.021729e-11 3.446225e+00
2.445617e-03 1.102900e-11 3.446225e+00
2.468268e-03 1.190519e-11 3.446225e+00
2.491130e-03 1.285098e-11 3.446225e+00
2.514203e-03 1.387192e-11 3.446225e+00
2.537490e-03 1.497396e-11 3.446225e+00
2.560993e-03 1.616356e-11 3.446225e+00
2.584714e-03 1.744765e-11 3.446225e+00
2.608654e-03 1.883374e-11 3.446225e+00
2.632815e-03 2.032997e-11 3.446225e+00
2.657201e-03 2.194507e-11 3.446225e+00
2.681813e-03 2.368845e-11 3.446225e+00
2.706652e-03 2.557033e-11 3.446225e+00
2.731722e-03 2.760174e-11 3.446225e+00
2.757023e-03 2.979456e-11 3.446225e+00
2.782559e-03 3.216156e-11 3.446225e+00
2.808332e-03 3.471657e-11 3.446225e+00
2.834343e-03 3.747456e-11 3.446225e+00
2.860596e-03 4.045166e-11 3.446225e+00
2.887091e-03 4.366529e-11 3.446225e+00
2.913832e-03 4.713424e-11 3.446225e+00
2.940820e-03 5.087876e-11 3.446225e+00
2.968059e-03 5.492075e-11 3.446225e+00
2.995549e-03 5.928387e-11 3.446225e+00
3.023295e-03 6.399363e-11 3.446225e+00
3.051297e-03 6.907757e-11 3.446225e+00
3.079559e-03 7.456538e-11 3.446225e+00
3.108082e-03 8.048914e-11 3.446225e+00
3.136870e-03 8.688345e-11 3.446225e+00
3.165924e-03 9.378572e-11 3.446225e+00
3.195248e-03 1.012364e-10 3.446225e+00
3.224842e-03 1.092790e-10 3.446225e+00
3.254712e-03 1.179607e-10 3.446225e+00
3.284857e-03 1.273319e-10 3.446225e+00
3.315282e-03 1.374476e-10 3.446225e+00
3.345989e-03 1.483668e-10 3.446225e+00
3.376980e-03 1.601536e-10 3.446225e+00
3.408259e-03 1.728769e-10 3.446225e+00
3.439826e-03 1.866110e-10 3.446225e+00
3.471687e-03 2.014361e-10 3.446225e+00
3.503842e-03 2.174389e-10 3.446225e+00
3.536296e-03 2.347130e-10 3.446225e+00
3.569049e-03 2.533596e-10 3.446225e+00
3.602107e-03 2.734873e-10 3.446225e+00
3.635470e-03 2.952140e-10 3.446225e+00
3.669142e-03 3.186668e-10 3.446225e+00
3.703127e-03 3.439829e-10 3.446225e+00
3.737426e-03 3.713102e-10 3.446225e+00
3.772042e-03 4.008085e-10 3.446225e+00
3.806980e-03 4.326501e-10 3.446225e+00
3.842241e-03 4.670214e-10 3.446225e+00
3.877828e-03 5.041237e-10 3.446225e+00
3.913746e-03 5.441736e-10 3.446225e+00
3.949995e-03 5.874049e-10 3.446225e+00
3.986581e-03 6.340704e-10 3.446225e+00
4.023506e-03 6.844432e-10 3.446225e+00
4.060772e-03 7.388179e-10 3.446225e+00
4.098384e-03 7.975127e-10 3.446225e+00
4.136344e-03 8.608704e-10 3.446225e+00
4.174655e-03 9.292612e-10 3.446225e+00
4.213322e-03 1.003085e-09 3.446225e+00
4.252346e-03 1.082774e-09 3.446225e+00
4.291732e-03 1.168793e-09 3.446225e+00
4.331483e-03 1.261646e-09 3.446225e+00
4.371602e-03 1.361875e-09 3.446225e+00
4.412093e-03 1.470067e-09 3.446225e+00
4.452959e-03 1.586855e-09 3.446225e+00
4.494203e-03 1.712921e-09 3.446225e+00
4.535829e-03 1.849003e-09 3.446225e+00
4.577841e-03 1.995895e-09 3.446225e+00
4.620241e-03 2.154456e-09 3.446225e+00
4.663035e-03 2.325614e-09 3.446225e+00
4.706225e-03 2.510368e-09 3.446225e+00
4.749815e-03 2.709801e-09 3.446225e+00
4.793808e-03 2.925079e-09 3.446225e+00
4.838210e-03 3.157460e-09 3.446225e+00
4.883022e-03 3.408300e-09 3.446225e+00
4.928250e-03 3.679066e-09 3.446225e+00
4.973896e-03 3.971343e-09 3.446225e+00
5.019965e-03 4.286844e-09 3.446225e+00
5.066461e-03 4.627410e-09 3.446225e+00
5.113388e-03 4.995029e-09 3.446225e+00
5.160749e-03 5.391851e-09 3.446225e+00
5.208549e-03 5.820197e-09 3.446225e+00
5.256791e-03 6.282575e-09 3.446225e+00
5.305481e-03 6.781689e-09 3.446225e+00
5.354621e-03 7.320457e-09 3.446225e+00
5.404216e-03 7.902024e-09 3.446225e+00
5.454271e-03 8.529789e-09 3.446225e+00
5.504790e-03 9.207423e-09 3.446225e+00
5.555776e-03 9.938890e-09 3.446225e+00
5.607235e-03 1.072847e-08 3.446225e+00
5.659170e-03 1.158079e-08 3.446225e+00
5.711586e-03 1.250081e-08 3.446225e+00
5.764488e-03 1.349392e-08 3.446225e+00
5.817880e-03 1.456593e-08 3.446225e+00
5.871766e-03 1.572311e-08 3.446225e+00
5.926152e-03 1.697221e-08 3.446225e+00
5.981041e-03 1.832053e-08 3.446225e+00
6.036439e-03 1.977599e-08 3.446225e+00
6.092349e-03 2.134708e-08 3.446225e+00
6.148778e-03 2.304297e-08 3.446225e+00
6.205729e-03 2.487359e-08 3.446225e+00
6.263207e-03 2.684964e-08 3.446225e+00
6.321218e-03 2.898268e-08 3.446225e+00
6.379767e-03 3.128517e-08 3.446225e+00
6.438857e-03 3.377058e-08 3.446225e+00
6.498495e-03 3.645343e-08 3.446225e+00
6.558686e-03 3.934941e-08 3.446225e+00
6.619433e-03 4.247547e-08 3.446225e+00
6.680744e-03 4.584989e-08 3.446225e+00
6.742622e-03 4.949240e-08 3.446225e+00
6.805074e-03 5.342427e-08 3.446225e+00
6.868104e-03 5.766849e-08 3.446225e+00
6.931717e-03 6.224987e-08 3.446225e+00
6.995920e-03 6.719525e-08 3.446225e+00
7.060718e-03 7.253352e-08 3.446225e+00
7.126115e-03 7.829587e-08 3.446225e+00
7.192119e-03 8.451597e-08 3.446225e+00
7.258734e-03 9.123024e-08 3.446225e+00
7.325965e-03 9.847793e-08 3.446225e+00
7.393820e-03 1.063014e-07 3.446225e+00
7.462303e-03 1.147464e-07 3.446225e+00
7.531420e-03 1.238622e-07 3.446225e+00
7.601178e-03 1.337022e-07 3.446225e+00
7.671581e-03 1.443241e-07 3.446225e+00
7.742637e-03 1.557898e-07 3.446225e+00
7.814351e-03 1.681662e-07 3.446225e+00
7.886729e-03 1.815259e-07 3.446225e+00
7.959777e-03 1.959470e-07 3.446225e+00
8.033502e-03 2.115139e-07 3.446225e+00
8.107910e-03 2.283173e-07 3.446225e+00
8.183007e-03 2.464556e-07 3.446225e+00
8.258799e-03 2.660351e-07 3.446225e+00
8.335294e-03 2.871700e-07 3.446225e+00
8.412497e-03 3.099838e-07 3.446225e+00
8.490415e-03 3.346100e-07 3.446225e+00
8.569055e-03 3.611926e-07 3.446225e+00
8.648423e-03 3.898872e-07 3.446225e+00
8.728527e-03 4.208613e-07 3.446225e+00
8.809372e-03 4.542961e-07 3.446225e+00
8.890966e-03 4.903870e-07 3.446225e+00
8.973316e-03 5.293453e-07 3.446225e+00
9.056428e-03 5.713986e-07 3.446225e+00
9.140311e-03 6.167929e-07 3.446225e+00
9.224970e-03 6.657932e-07 3.446225e+00
9.310413e-03 7.186861e-07 3.446225e+00
9.396648e-03 7.757811e-07 3.446225e+00
9.483682e-03 8.374121e-07 3.446225e+00
9.571522e-03 9.039393e-07 3.446225e+00
9.660175e-03 9.757517e-07 3.446225e+00
9.749649e-03 1.053269e-06 3.446225e+00
9.839952e-03 1.136944e-06 3.446225e+00
9.931092e-03 1.227268e-06 3.446225e+00
1.002308e-02 1.324767e-06 3.446225e+00
1.011591e-02 1.430013e-06 3.446225e+00
1.020961e-02 1.543619e-06 3.446225e+00
1.030417e-02 1.666249e-06 3.446225e+00
1.039961e-02 1.798620e-06 3.446225e+00
1.049593e-02 1.941509e-06 3.446225e+00
1.059315e-02 2.095749e-06 3.446225e+00
1.069126e-02 2.262241e-06 3.446225e+00
1.079029e-02 2.441959e-06 3.446225e+00
1.089023e-02 2.635957e-06 3.446225e+00
1.099110e-02 2.845370e-06 3.446225e+00
1.109290e-02 3.071423e-06 3.446225e+00
1.119564e-02 3.315436e-06 3.446225e+00
1.129934e-02 3.578830e-06 3.446225e+00
1.140400e-02 3.863142e-06 3.446225e+00
1.150962e-02 4.170035e-06 3.446225e+00
1.161623e-02 4.501308e-06 3.446225e+00
1.172382e-02 4.858905e-06 3.446225e+00
1.183241e-02 5.244918e-06 3.446225e+00
1.194200e-02 5.661601e-06 3.446225e+00
1.205261e-02 6.111384e-06 3.446225e+00
1.216424e-02 6.596894e-06 3.446225e+00
1.227691e-02 7.120972e-06 3.446225e+00
1.239062e-02 7.686688e-06 3.446225e+00
1.250539e-02 8.297355e-06 3.446225e+00
1.262121e-02 8.956542e-06 3.446225e+00
1.273811e-02 9.668092e-06 3.446225e+00
1.285610e-02 1.043615e-05 3.446225e+00
1.297517e-02 1.126521e-05 3.446225e+00
1.309535e-02 1.216017e-05 3.446225e+00
1.321664e-02 1.312625e-05 3.446225e+00
1.333906e-02 1.416906e-05 3.446225e+00
1.346261e-02 1.529470e-05 3.446225e+00
1.358730e-02 1.650977e-05 3.446225e+00
1.371315e-02 1.782136e-05 3.446225e+00
1.384016e-02 1.923711e-05 3.446225e+00
1.396835e-02 2.076534e-05 3.446225e+00
1.409773e-02 2.241503e-05 3.446225e+00
1.422830e-02 2.419581e-05 3.446225e+00
1.436009e-02 2.611800e-05 3.446225e+00
1.449310e-02 2.819286e-05 3.446225e+00
1.462733e-02 3.043262e-05 3.446225e+00
1.476281e-02 3.285038e-05 3.446225e+00
1.489955e-02 3.546017e-05 3.446225e+00
1.503755e-02 3.827723e-05 3.446225e+00
1.517683e-02 4.131808e-05 3.446225e+00
1.531740e-02 4.460050e-05 3.446225e+00
1.545928e-02 4.814371e-05 3.446225e+00
1.560246e-02 5.196841e-05 3.446225e+00
1.574698e-02 5.609695e-05 3.446225e+00
1.589283e-02 6.055350e-05 3.446225e+00
1.604003e-02 6.536421e-05 3.446225e+00
1.618860e-02 7.055717e-05 3.446225e+00
1.633854e-02 7.616259e-05 3.446225e+00
1.648987e-02 8.221320e-05 3.446225e+00
1.664260e-02 8.874437e-05 3.446225e+00
1.679675e-02 9.579440e-05 3.446225e+00
1.695232e-02 1.034046e-04 3.446225e+00
1.710934e-02 1.116196e-04 3.446225e+00
1.726781e-02 1.204871e-04 3.446225e+00
1.742775e-02 1.300590e-04 3.446225e+00
1.758917e-02 1.403914e-04 3.446225e+00
1.775208e-02 1.515446e-04 3.446225e+00
1.791650e-02 1.635839e-04 3.446225e+00
1.808245e-02 1.765795e-04 3.446225e+00
1.824993e-02 1.906078e-04 3.446225e+00
1.841897e-02 2.057507e-04 3.446225e+00
1.858957e-02 2.220965e-04 3.446225e+00
1.876175e-02 2.397406e-04 3.446225e+00
1.893552e-02 2.587866e-04 3.446225e+00
1.911091e-02 2.793456e-04 3.446225e+00
1.928792e-02 3.015374e-04 3.446225e+00
1.946656e-02 3.254920e-04 3.446225e+00
1.964687e-02 3.513501e-04 3.446225e+00
1.982884e-02 3.792630e-04 3.446225e+00
2.001250e-02 4.093932e-04 3.446225e+00
2.019786e-02 4.419167e-04 3.446225e+00
2.038493e-02 4.770242e-04 3.446225e+00
2.057374e-02 5.149209e-04 3.446225e+00
2.076430e-02 5.558283e-04 3.446225e+00
2.095662e-02 5.999855e-04 3.446225e+00
2.115073e-02 6.476509e-04 3.446225e+00
2.134663e-02 6.991032e-04 3.446225e+00
2.154435e-02 7.546425e-04 3.446225e+00
2.174389e-02 8.145937e-04 3.446225e+00
2.194529e-02 8.793078e-04 3.446225e+00
2.214855e-02 9.491631e-04 3.446225e+00
2.235370e-02 1.024567e-03 3.446225e+00
2.256074e-02 1.105962e-03 3.446225e+00
2.276970e-02 1.193826e-03 3.446225e+00
2.298060e-02 1.288670e-03 3.446225e+00
2.319345e-02 1.391046e-03 3.446225e+00
2.340827e-02 1.501554e-03 3.446225e+00
2.362508e-02 1.620842e-03 3.446225e+00
2.384390e-02 1.749608e-03 3.446225e+00
2.406475e-02 1.888605e-03 3.446225e+00
2.428764e-02 2.038644e-03 3.446225e+00
2.451260e-02 2.200602e-03 3.446225e+00
2.473964e-02 2.375427e-03 3.446225e+00
2.496878e-02 2.564140e-03 3.446225e+00
2.520005e-02 2.767844e-03 3.446225e+00
2.543346e-02 2.987732e-03 3.446225e+00
2.566903e-02 3.225091e-03 3.446225e+00
2.590678e-02 3.481303e-03 3.446225e+00
2.614673e-02 3.757867e-03 3.446225e+00
2.638891e-02 4.056406e-03 3.446225e+00
2.663333e-02 4.378665e-03 3.446225e+00
2.688001e-02 4.726522e-03 3.446224e+00
2.712898e-02 5.102011e-03 3.446224e+00
2.738025e-02 5.507331e-03 3.446227e+00
2.763385e-02 5.944855e-03 3.446227e+00
2.788980e-02 6.417141e-03 3.446217e+00
2.814812e-02 6.926949e-03 3.446216e+00
2.840884e-02 7.477253e-03 3.446254e+00
2.867196e-02 8.071270e-03 3.446260e+00
2.893753e-02 8.712479e-03 3.446116e+00
2.920556e-02 9.404630e-03 3.446095e+00
2.947606e-02 1.015177e-02 3.446629e+00
2.974908e-02 1.095827e-02 3.446711e+00
3.002462e-02 1.182885e-02 3.444723e+00
3.030271e-02 1.276858e-02 3.444406e+00
3.058338e-02 1.378294e-02 3.451817e+00
3.086665e-02 1.487788e-02 3.453045e+00
3.115254e-02 1.605990e-02 3.425501e+00
3.144108e-02 1.733579e-02 3.420811e+00
3.173230e-02 1.871273e-02 3.524428e+00
3.202621e-02 2.019929e-02 3.543068e+00
3.232284e-02 2.180525e-02 3.134415e+00
3.262222e-02 2.353777e-02 2.541525e+00
3.292437e-02 2.540135e-02 2.167246e+00
3.322933e-02 2.740381e-02 1.992330e+00
3.353710e-02 2.955640e-02 1.866685e+00
3.384773e-02 3.187028e-02 1.749333e+00
3.416123e-02 3.435649e-02 1.655007e+00
3.447764e-02 3.702702e-02 1.582761e+00
3.479698e-02 3.989489e-02 1.522675e+00
3.511928e-02 4.297394e-02 1.470555e+00
3.544456e-02 4.627893e-02 1.425857e+00
3.577285e-02 4.982552e-02 1.387491e+00
3.610419e-02 5.363036e-02 1.354030e+00
3.643859e-02 5.771127e-02 1.324555e+00
3.677609e-02 6.208725e-02 1.298513e+00
3.711672e-02 6.677847e-02 1.275419e+00
3.746050e-02 7.180634e-02 1.254840e+00
3.780747e-02 7.719368e-02 1.236436e+00
3.815765e-02 8.296487e-02 1.219938e+00
3.851107e-02 8.914576e-02 1.205118e+00
3.886777e-02 9.576379e-02 1.191785e+00
3.922777e-02 1.028481e-01 1.179774e+00
3.959110e-02 1.104298e-01 1.168948e+00
3.995780e-02 1.185418e-01 1.159188e+00
4.032790e-02 1.272192e-01 1.150391e+00
4.070142e-02 1.364992e-01 1.142467e+00
4.107841e-02 1.464212e-01 1.135338e+00
4.145888e-02 1.570272e-01 1.128934e+00
4.184289e-02 1.683618e-01 1.123192e+00
4.223044e-02 1.804721e-01 1.118058e+00
4.262159e-02 1.934081e-01 1.113480e+00
4.301636e-02 2.072228e-01 1.109412e+00
4.341478e-02 2.219728e-01 1.105809e+00
4.381690e-02 2.377177e-01 1.102633e+00
4.422274e-02 2.545204e-01 1.099845e+00
4.463234e-02 2.724479e-01 1.097410e+00
4.504573e-02 2.915716e-01 1.095292e+00
4.546295e-02 3.119666e-01 1.093459e+00
4.588404e-02 3.337122e-01 1.091883e+00
4.630903e-02 3.568924e-01 1.090534e+00
4.673795e-02 3.815967e-01 1.089385e+00
4.717085e-02 4.079196e-01 1.088410e+00
4.760775e-02 4.359606e-01 1.087589e+00
4.804870e-02 4.658251e-01 1.086901e+00
4.849374e-02 4.976247e-01 1.086326e+00
4.894290e-02 5.314771e-01 1.085849e+00
4.939622e-02 5.675072e-01 1.085454e+00
4.985373e-02 6.058466e-01 1.085130e+00
5.031549e-02 6.466344e-01 1.084864e+00
5.078152e-02 6.900175e-01 1.084647e+00
5.125187e-02 7.361511e-01 1.084470e+00
5.172657e-02 7.851989e-01 1.084328e+00
5.220568e-02 8.373338e-01 1.084212e+00
5.268921e-02 8.927383e-01 1.084119e+00
5.317723e-02 9.516051e-01 1.084045e+00
5.366977e-02 1.014137e+00 1.083985e+00
5.416687e-02 1.080547e+00 1.083937e+00
5.466857e-02 1.151061e+00 1.083898e+00
5.517492e-02 1.225919e+00 1.083867e+00
5.568596e-02 1.305370e+00 1.083842e+00
5.620174e-02 1.389678e+00 1.083821e+00
5.672229e-02 1.479122e+00 1.083804e+00
5.724766e-02 1.573996e+00 1.083790e+00
5.777790e-02 1.674608e+00 1.083779e+00
5.831305e-02 1.781282e+00 1.083769e+00
5.885316e-02 1.894360e+00 1.083760e+00
5.939827e-02 2.014203e+00 1.083753e+00
5.994843e-02 2.141189e+00 1.083748e+00
6.050368e-02 2.275718e+00 1.083743e+00
6.106408e-02 2.418207e+00 1.083739e+00
6.162966e-02 2.569097e+00 1.083737e+00
6.220049e-02 2.728852e+00 1.083735e+00
6.277660e-02 2.897959e+00 1.083735e+00
6.335805e-02 3.076930e+00 1.083735e+00
6.394488e-02 3.266300e+00 1.083736e+00
6.453715e-02 3.466633e+00 1.083738e+00
6.513491e-02 3.678525e+00 1.083742e+00
6.573820e-02 3.902598e+00 1.083747e+00
6.634708e-02 4.139505e+00 1.083752e+00
6.696160e-02 4.389933e+00 1.083759e+00
6.758181e-02 4.654598e+00 1.083768e+00
6.820777e-02 4.934257e+00 1.083777e+00
6.883952e-02 5.229703e+00 1.083788e+00
6.947713e-02 5.541768e+00 1.083799e+00
7.012064e-02 5.871323e+00 1.083811e+00
7.077011e-02 6.219280e+00 1.083824e+00
7.142559e-02 6.586597e+00 1.083839e+00
7.208715e-02 6.974277e+00 1.083854e+00
7.275484e-02 7.383369e+00 1.083869e+00
7.342870e-02 7.814975e+00 1.083886e+00
7.410882e-02 8.270250e+00 1.083903e+00
7.479523e-02 8.750401e+00 1.083921e+00
7.548799e-02 9.256688e+00 1.083940e+00
7.618718e-02 9.790434e+00 1.083958e+00
7.689284e-02 1.035303e+01 1.083977e+00
7.760503e-02 1.094592e+01 1.083997e+00
7.832383e-02 1.157062e+01 1.084016e+00
7.904928e-02 1.222872e+01 1.084037e+00
7.978145e-02 1.292187e+01 1.084056e+00
8.052040e-02 1.365181e+01 1.084076e+00
8.126619e-02 1.442035e+01 1.084097e+00
8.201889e-02 1.522938e+01 1.084117e+00
8.277857e-02 1.608089e+01 1.084136e+00
8.354528e-02 1.697692e+01 1.084155e+00
8.431909e-02 1.791966e+01 1.084174e+00
8.510007e-02 1.891135e+01 1.084193e+00
8.588829e-02 1.995434e+01 1.084211e+00
8.668380e-02 2.105111e+01 1.084229e+00
8.748668e-02 2.220421e+01 1.084246e+00
8.829700e-02 2.341632e+01 1.084263e+00
8.911482e-02 2.469024e+01 1.084279e+00
8.994022e-02 2.602887e+01 1.084295e+00
9.077327e-02 2.743527e+01 1.084310e+00
9.161402e-02 2.891260e+01 1.084324e+00
9.246257e-02 3.046417e+01 1.084338e+00
9.331898e-02 3.209342e+01 1.084351e+00
9.418332e-02 3.380396e+01 1.084363e+00
9.505566e-02 3.559951e+01 1.084374e+00
9.593608e-02 3.748398e+01 1.084386e+00
9.682466e-02 3.946144e+01 1.084396e+00
9.772147e-02 4.153614e+01 1.084406e+00
9.862658e-02 4.371246e+01 1.084414e+00
9.954008e-02 4.599494e+01 1.084422e+00
1.004620e-01 4.838839e+01 1.084430e+00
1.013925e-01 5.089789e+01 1.084436e+00
1.023317e-01 5.352863e+01 1.084442e+00
1.032795e-01 5.628586e+01 1.084446e+00
1.042361e-01 5.917512e+01 1.084451e+00
1.052015e-01 6.220230e+01 1.084455e+00
1.061759e-01 6.537348e+01 1.084458e+00
1.071593e-01 6.869501e+01 1.084460e+00
1.081519e-01 7.217343e+01 1.084461e+00
1.091536e-01 7.581556e+01 1.084462e+00
1.101646e-01 7.962843e+01 1.084463e+00
1.111850e-01 8.361929e+01 1.084463e+00
1.122148e-01 8.779575e+01 1.084462e+00
1.132541e-01 9.216580e+01 1.084460e+00
1.143031e-01 9.673778e+01 1.084458e+00
1.153618e-01 1.015204e+02 1.084456e+00
1.164303e-01 1.065225e+02 1.084453e+00
1.175087e-01 1.117529e+02 1.084449e+00
1.185971e-01 1.172211e+02 1.084445e+00
1.196956e-01 1.229374e+02 1.084441e+00
1.208042e-01 1.289123e+02 1.084436e+00
1.219231e-01 1.351561e+02 1.084432e+00
1.230524e-01 1.416798e+02 1.084426e+00
1.241921e-01 1.484950e+02 1.084420e+00
1.253424e-01 1.556138e+02 1.084413e+00
1.265034e-01 1.630482e+02 1.084407e+00
1.276751e-01 1.708109e+02 1.084401e+00
1.288576e-01 1.789156e+02 1.084394e+00
1.300511e-01 1.873761e+02 1.084386e+00
1.312557e-01 1.962062e+02 1.084378e+00
1.324714e-01 2.054206e+02 1.084370e+00
1.336984e-01 2.150348e+02 1.084362e+00
1.349367e-01 2.250648e+02 1.084354e+00
1.361865e-01 2.355267e+02 1.084345e+00
1.374479e-01 2.464374e+02 1.084337e+00
1.387210e-01 2.578142e+02 1.084328e+00
1.400058e-01 2.696755e+02 1.084319e+00
1.413026e-01 2.820401e+02 1.084310e+00
1.426114e-01 2.949274e+02 1.084301e+00
1.439323e-01 3.083570e+02 1.084292e+00
1.452654e-01 3.223499e+02 1.084283e+00
1.466109e-01 3.369281e+02 1.084274e+00
1.479688e-01 3.521139e+02 1.084264e+00
1.493393e-01 3.679292e+02 1.084255e+00
1.507225e-01 3.843975e+02 1.084245e+00
1.521186e-01 4.015444e+02 1.084236e+00
1.535275e-01 4.193952e+02 1.084226e+00
1.549495e-01 4.379750e+02 1.084217e+00
1.563847e-01 4.573106e+02 1.084207e+00
1.578331e-01 4.774311e+02 1.084198e+00
1.592950e-01 4.983655e+02 1.084188e+00
1.607704e-01 5.201421e+02 1.084179e+00
1.622595e-01 5.427913e+02 1.084170e+00
1.637624e-01 5.663455e+02 1.084161e+00
1.652792e-01 5.908378e+02 1.084151e+00
1.668101e-01 6.163022e+02 1.084142e+00
1.683551e-01 6.427728e+02 1.084133e+00
1.699144e-01 6.702846e+02 1.084124e+00
1.714882e-01 6.988742e+02 1.084115e+00
1.730766e-01 7.285812e+02 1.084106e+00
1.746796e-01 7.594452e+02 1.084098e+00
1.762975e-01 7.915054e+02 1.084089e+00
1.779304e-01 8.248032e+02 1.084081e+00
1.795785e-01 8.593822e+02 1.084072e+00
1.812418e-01 8.952870e+02 1.084064e+00
1.829205e-01 9.325626e+02 1.084055e+00
1.846147e-01 9.712559e+02 1.084048e+00
1.863246e-01 1.011416e+03 1.084040e+00
1.880504e-01 1.053092e+03 1.084031e+00
1.897922e-01 1.096335e+03 1.084024e+00
1.915501e-01 1.141197e+03 1.084016e+00
1.933242e-01 1.187734e+03 1.084009e+00
1.951148e-01 1.236003e+03 1.084001e+00
1.969220e-01 1.286060e+03 1.083994e+00
1.987460e-01 1.337964e+03 1.083987e+00
2.005868e-01 1.391775e+03 1.083980e+00
2.024447e-01 1.447555e+03 1.083973e+00
2.043197e-01 1.505372e+03 1.083966e+00
2.062122e-01 1.565291e+03 1.083960e+00
2.081222e-01 1.627378e+03 1.083953e+00
2.100498e-01 1.691703e+03 1.083947e+00
2.119953e-01 1.758340e+03 1.083940e+00
2.139589e-01 1.827363e+03 1.083934e+00
2.159406e-01 1.898845e+03 1.083928e+00
2.179407e-01 1.972865e+03 1.083922e+00
2.199593e-01 2.049505e+03 1.083917e+00
2.219966e-01 2.128849e+03 1.083911e+00
2.240528e-01 2.210977e+03 1.083906e+00
2.261280e-01 2.295975e+03 1.083900e+00
2.282224e-01 2.383936e+03 1.083895e+00
2.303363e-01 2.474953e+03 1.083890e+00
2.324697e-01 2.569117e+03 1.083885e+00
2.346229e-01 2.666523e+03 1.083880e+00
2.367960e-01 2.767271e+03 1.083875e+00
2.389893e-01 2.871462e+03 1.083871e+00
2.412028e-01 2.979203e+03 1.083866e+00
2.434369e-01 3.090601e+03 1.083862e+00
2.456916e-01 3.205763e+03 1.083857e+00
2.479673e-01 3.324801e+03 1.083853e+00
2.502640e-01 3.447832e+03 1.083849e+00
2.525820e-01 3.574973e+03 1.083845e+00
2.549215e-01 3.706346e+03 1.083842e+00
2.572826e-01 3.842076e+03 1.083838e+00
2.596656e-01 3.982289e+03 1.083835e+00
2.620707e-01 4.127115e+03 1.083831e+00
2.644980e-01 4.276690e+03 1.083828e+00
2.669478e-01 4.431152e+03 1.083824e+00
2.694204e-01 4.590639e+03 1.083821e+00
2.719158e-01 4.755296e+03 1.083818e+00
2.744343e-01 4.925271e+03 1.083815e+00
2.769762e-01 5.100716e+03 1.083812e+00
2.795416e-01 5.281782e+03 1.083809e+00
2.821308e-01 5.468628e+03 1.083806e+00
2.847439e-01 5.661418e+03 1.083804e+00
2.873813e-01 5.860321e+03 1.083802e+00
2.900430e-01 6.065507e+03 1.083799e+00
2.927295e-01 6.277149e+03 1.083796e+00
2.954408e-01 6.495423e+03 1.083794e+00
2.981772e-01 6.720510e+03 1.083792e+00
3.009390e-01 6.952599e+03 1.083790e+00
3.037264e-01 7.191882e+03 1.083788e+00
3.065395e-01 7.438556e+03 1.083786e+00
3.093788e-01 7.692824e+03 1.083784e+00
3.122443e-01 7.954887e+03 1.083782e+00
3.151363e-01 8.224956e+03 1.083781e+00
3.180552e-01 8.503245e+03 1.083779e+00
3.210011e-01 8.789974e+03 1.083778e+00
3.239743e-01 9.085367e+03 1.083776e+00
3.269750e-01 9.389655e+03 1.083775e+00
3.300035e-01 9.703070e+03 1.083774e+00
3.330600e-01 1.002585e+04 1.083773e+00
3.361449e-01 1.035825e+04 1.083772e+00
3.392583e-01 1.070052e+04 1.083771e+00
3.424006e-01 1.105291e+04 1.083770e+00
3.455720e-01 1.141569e+04 1.083769e+00
3.487727e-01 1.178913e+04 1.083768e+00
3.520031e-01 1.217349e+04 1.083767e+00
3.552635e-01 1.256907e+04 1.083766e+00
3.585540e-01 1.297614e+04 1.083765e+00
3.618750e-01 1.339500e+04 1.083764e+00
3.652267e-01 1.382596e+04 1.083763e+00
3.686095e-01 1.426931e+04 1.083763e+00
3.720237e-01 1.472538e+04 1.083762e+00
3.754694e-01 1.519447e+04 1.083762e+00
3.789471e-01 1.567691e+04 1.083761e+00
3.824570e-01 1.617305e+04 1.083761e+00
3.859994e-01 1.668323e+04 1.083761e+00
3.895746e-01 1.720779e+04 1.083761e+00
3.931829e-01 1.774708e+04 1.083760e+00
3.968246e-01 1.830146e+04 1.083760e+00
4.005001e-01 1.887131e+04 1.083760e+00
4.042096e-01 1.945702e+04 1.083760e+00
4.079535e-01 2.005897e+04 1.083760e+00
4.117320e-01 2.067754e+04 1.083760e+00
4.155455e-01 2.131314e+04 1.083760e+00
4.193944e-01 2.196619e+04 1.083760e+00
4.232789e-01 2.263711e+04 1.083761e+00
4.271994e-01 2.332631e+04 1.083761e+00
4.311562e-01 2.403424e+04 1.083761e+00
4.351497e-01 2.476135e+04 1.083761e+00
4.391801e-01 2.550808e+04 1.083762e+00
4.432479e-01 2.627490e+04 1.083762e+00
4.473533e-01 2.706229e+04 1.083763e+00
4.514968e-01 2.787072e+04 1.083763e+00
4.556786e-01 2.870069e+04 1.083764e+00
4.598992e-01 2.955269e+04 1.083764e+00
4.641589e-01 3.042724e+04 1.083765e+00
4.684580e-01 3.132486e+04 1.083765e+00
4.727970e-01 3.224606e+04 1.083766e+00
4.771761e-01 3.319138e+04 1.083766e+00
4.815958e-01 3.416137e+04 1.083767e+00
4.860564e-01 3.515660e+04 1.083768e+00
4.905584e-01 3.617765e+04 1.083769e+00
4.951020e-01 3.722507e+04 1.083769e+00
4.996877e-01 3.829944e+04 1.083770e+00
5.043159e-01 3.940138e+04 1.083771e+00
5.089870e-01 4.053148e+04 1.083772e+00
5.137014e-01 4.169036e+04 1.083773e+00
5.184594e-01 4.287863e+04 1.083774e+00
5.232614e-01 4.409694e+04 1.083775e+00
5.281080e-01 4.534596e+04 1.083776e+00
5.329994e-01 4.662631e+04 1.083777e+00
5.379362e-01 4.793866e+04 1.083778e+00
5.429186e-01 4.928367e+04 1.083779e+00
5.479472e-01 5.066204e+04 1.083781e+00
5.530224e-01 5.207445e+04 1.083782e+00
5.581446e-01 5.352162e+04 1.083783e+00
5.633143e-01 5.500424e+04 1.083784e+00
5.685318e-01 5.652303e+04 1.083786e+00
5.737976e-01 5.807872e+04 1.083787e+00
5.791123e-01 5.967205e+04 1.083788e+00
5.844761e-01 6.130376e+04 1.083789e+00
5.898896e-01 6.297461e+04 1.083791e+00
5.953533e-01 6.468533e+04 1.083793e+00
6.008676e-01 6.643671e+04 1.083794e+00
6.064329e-01 6.822950e+04 1.083795e+00
6.120498e-01 7.006448e+04 1.083796e+00
6.177188e-01 7.194246e+04 1.083797e+00
6.234402e-01 7.386424e+04 1.083799e+00
6.292146e-01 7.583060e+04 1.083800e+00
6.350425e-01 7.784234e+04 1.083801e+00
6.409244e-01 7.990027e+04 1.083802e+00
6.468608e-01 8.200522e+04 1.083804e+00
6.528521e-01 8.415802e+04 1.083805e+00
6.588990e-01 8.635949e+04 1.083806e+00
6.650018e-01 8.861045e+04 1.083807e+00
6.711612e-01 9.091174e+04 1.083809e+00
6.773776e-01 9.326419e+04 1.083810e+00
6.836516e-01 9.566865e+04 1.083811e+00
6.899837e-01 9.812598e+04 1.083812e+00
6.963745e-01 1.006370e+05 1.083813e+00
7.028244e-01 1.032026e+05 1.083814e+00
7.093341e-01 1.058236e+05 1.083815e+00
7.159041e-01 1.085010e+05 1.083816e+00
7.225349e-01 1.112354e+05 1.083817e+00
7.292272e-01 1.140279e+05 1.083818e+00
7.359814e-01 1.168792e+05 1.083819e+00
7.427982e-01 1.197903e+05 1.083819e+00
7.496782e-01 1.227620e+05 1.083820e+00
7.566219e-01 1.257952e+05 1.083821e+00
7.636298e-01 1.288908e+05 1.083822e+00
7.707027e-01 1.320496e+05 1.083822e+00
7.778411e-01 1.352727e+05 1.083823e+00
7.850456e-01 1.385608e+05 1.083823e+00
7.923169e-01 1.419147e+05 1.083824e+00
7.996555e-01 1.453355e+05 1.083824e+00
8.070620e-01 1.488241e+05 1.083824e+00
8.145372e-01 1.523813e+05 1.083824e+00
8.220816e-01 1.560079e+05 1.083825e+00
8.296959e-01 1.597051e+05 1.083825e+00
8.373807e-01 1.634736e+05 1.083825e+00
8.451366e-01 1.673145e+05 1.083825e+00
8.529644e-01 1.712286e+05 1.083826e+00
8.608648e-01 1.752169e+05 1.083826e+00
8.688383e-01 1.792804e+05 1.083826e+00
8.768856e-01 1.834199e+05 1.083826e+00
8.850075e-01 1.876365e+05 1.083826e+00
8.932046e-01 1.919312e+05 1.083826e+00
9.014776e-01 1.963048e+05 1.083826e+00
9.098273e-01 2.007584e+05 1.083826e+00
9.182543e-01 2.052932e+05 1.083825e+00
9.267593e-01 2.099099e+05 1.083825e+00
9.353432e-01 2.146097e+05 1.083825e+00
9.440065e-01 2.193936e+05 1.083825e+00
9.527500e-01 2.242627e+05 1.083825e+00
9.615746e-01 2.292180e+05 1.083825e+00
9.704809e-01 2.342606e+05 1.083825e+00
9.794697e-01 2.393916e+05 1.083825e+00
9.885417e-01 2.446121e+05 1.083825e+00
9.976978e-01 2.499232e+05 1.083825e+00
1.006939e+00 2.553262e+05 1.083825e+00
1.016265e+00 2.608218e+05 1.083825e+00
1.025678e+00 2.664114e+05 1.083825e+00
1.035178e+00 2.720960e+05 1.083825e+00
1.044766e+00 2.778770e+05 1.083826e+00
1.054443e+00 2.837555e+05 1.083826e+00
1.064209e+00 2.897328e+05 1.083826e+00
1.074066e+00 2.958099e+05 1.083826e+00
1.084014e+00 3.019882e+05 1.083827e+00
1.094055e+00 3.082688e+05 1.083827e+00
1.104188e+00 3.146530e+05 1.083828e+00
1.114415e+00 3.211418e+05 1.083828e+00
1.124737e+00 3.277366e+05 1.083829e+00
1.135155e+00 3.344387e+05 1.083829e+00
1.145669e+00 3.412495e+05 1.083830e+00
1.156280e+00 3.481702e+05 1.083831e+00
1.166990e+00 3.552016e+05 1.083832e+00
1.177799e+00 3.623453e+05 1.083833e+00
1.188708e+00 3.696029e+05 1.083834e+00
1.199718e+00 3.769754e+05 1.083835e+00
1.210830e+00 3.844641e+05 1.083837e+00
1.222045e+00 3.920705e+05 1.083838e+00
1.233363e+00 3.997958e+05 1.083840e+00
1.244787e+00 4.076415e+05 1.083841e+00
1.256317e+00 4.156091e+05 1.083843e+00
1.267953e+00 4.237002e+05 1.083844e+00
1.279697e+00 4.319161e+05 1.083846e+00
1.291550e+00 4.402585e+05 1.083849e+00
1.303512e+00 4.487289e+05 1.083851e+00
1.315586e+00 4.573291e+05 1.083854e+00
1.327771e+00 4.660608e+05 1.083856e+00
1.340069e+00 4.749257e+05 1.083859e+00
1.352481e+00 4.839256e+05 1.083862e+00
1.365008e+00 4.930626e+05 1.083865e+00
1.377651e+00 5.023389e+05 1.083868e+00
1.390411e+00 5.117564e+05 1.083872e+00
1.403289e+00 5.213175e+05 1.083876e+00
1.416287e+00 5.310246e+05 1.083881e+00
1.429405e+00 5.408803e+05 1.083885e+00
1.442644e+00 5.508872e+05 1.083890e+00
1.456006e+00 5.610477e+05 1.083895e+00
1.469492e+00 5.713651e+05 1.083901e+00
1.483103e+00 5.818426e+05 1.083907e+00
1.496839e+00 5.924831e+05 1.083913e+00
1.510703e+00 6.032896e+05 1.083920e+00
1.524696e+00 6.142660e+05 1.083928e+00
1.538818e+00 6.254161e+05 1.083936e+00
1.553071e+00 6.367435e+05 1.083945e+00
1.567455e+00 6.482522e+05 1.083954e+00
1.581973e+00 6.599463e+05 1.083964e+00
1.596626e+00 6.718300e+05 1.083975e+00
1.611414e+00 6.839074e+05 1.083986e+00
1.626340e+00 6.961830e+05 1.083999e+00
1.641403e+00 7.086617e+05 1.084012e+00
1.656606e+00 7.213486e+05 1.084026e+00
1.671950e+00 7.342483e+05 1.084041e+00
1.687436e+00 7.473656e+05 1.084057e+00
1.703065e+00 7.607055e+05 1.084074e+00
1.718839e+00 7.742737e+05 1.084093e+00
1.734759e+00 7.880752e+05 1.084113e+00
1.750827e+00 8.021156e+05 1.084134e+00
1.767044e+00 8.164006e+05 1.084156e+00
1.783410e+00 8.309357e+05 1.084180e+00
1.799929e+00 8.457269e+05 1.084205e+00
1.816600e+00 8.607800e+05 1.084231e+00
1.833425e+00 8.761015e+05 1.084259e+00
1.850407e+00 8.916981e+05 1.084290e+00
1.867546e+00 9.075765e+05 1.084322e+00
1.884843e+00 9.237437e+05 1.084356e+00
1.902301e+00 9.402067e+05 1.084392e+00
1.919921e+00 9.569733e+05 1.084429e+00
1.937703e+00 9.740517e+05 1.084469e+00
1.955651e+00 9.914505e+05 1.084511e+00
1.973764e+00 1.009179e+06 1.084556e+00
1.992046e+00 1.027245e+06 1.084604e+00
2.010496e+00 1.045661e+06 1.084654e+00
2.029118e+00 1.064435e+06 1.084707e+00
2.047912e+00 1.083580e+06 1.084764e+00
2.066880e+00 1.103109e+06 1.084824e+00
2.086024e+00 1.123034e+06 1.084887e+00
2.105345e+00 1.143369e+06 1.084954e+00
2.124845e+00 1.164127e+06 1.085025e+00
2.144526e+00 1.185322e+06 1.085101e+00
2.164389e+00 1.206972e+06 1.085181e+00
2.184436e+00 1.229093e+06 1.085265e+00
2.204669e+00 1.251703e+06 1.085354e+00
2.225089e+00 1.274818e+06 1.085448e+00
2.245698e+00 1.298455e+06 1.085549e+00
2.266498e+00 1.322634e+06 1.085655e+00
2.287491e+00 1.347382e+06 1.085767e+00
2.308678e+00 1.372717e+06 1.085886e+00
2.330061e+00 1.398625e+06 1.086011e+00
2.351643e+00 1.425135e+06 1.086143e+00
2.373424e+00 1.452393e+06 1.086283e+00
2.395407e+00 1.480395e+06 1.086431e+00
2.417594e+00 1.508663e+06 1.086584e+00
2.439986e+00 1.537314e+06 1.086743e+00
2.462586e+00 1.568288e+06 1.086921e+00
2.485395e+00 1.599984e+06 1.087107e+00
2.508415e+00 1.620336e+06 1.087226e+00
2.531648e+00 1.622411e+06 1.087239e+00
2.555097e+00 1.618073e+06 1.087213e+00
2.578763e+00 1.617511e+06 1.087210e+00
2.602648e+00 1.618672e+06 1.087217e+00
2.626754e+00 1.618825e+06 1.087218e+00
2.651084e+00 1.618514e+06 1.087216e+00
2.675638e+00 1.618472e+06 1.087216e+00
2.700421e+00 1.618556e+06 1.087216e+00
2.725433e+00 1.618567e+06 1.087216e+00
2.750676e+00 1.618545e+06 1.087216e+00
2.776153e+00 1.618542e+06 1.087216e+00
2.801867e+00 1.618548e+06 1.087216e+00
2.827818e+00 1.618548e+06 1.087216e+00
2.854010e+00 1.618547e+06 1.087216e+00
2.880444e+00 1.618547e+06 1.087216e+00
2.907123e+00 1.618547e+06 1.087216e+00
2.934050e+00 1.618547e+06 1.087216e+00
2.961225e+00 1.618547e+06 1.087216e+00
2.988653e+00 1.618547e+06 1.087216e+00
3.016334e+00 1.618547e+06 1.087216e+00
3.044272e+00 1.618547e+06 1.087216e+00
3.072469e+00 1.618547e+06 1.087216e+00
3.100927e+00 1.618547e+06 1.087216e+00
3.129648e+00 1.618547e+06 1.087216e+00
3.158635e+00 1.618547e+06 1.087216e+00
3.187891e+00 1.618547e+06 1.087216e+00
3.217418e+00 1.618547e+06 1.087216e+00
3.247218e+00 1.618547e+06 1.087216e+00
3.277295e+00 1.618547e+06 1.087216e+00
3.307650e+00 1.618547e+06 1.087216e+00
3.338286e+00 1.618547e+06 1.087216e+00
3.369206e+00 1.618547e+06 1.087216e+00
3.400412e+00 1.618547e+06 1.087216e+00
3.431907e+00 1.618547e+06 1.087216e+00
3.463694e+00 1.618547e+06 1.087216e+00
3.495776e+00 1.618547e+06 1.087216e+00
3.528154e+00 1.618547e+06 1.087216e+00
3.560833e+00 1.618547e+06 1.087216e+00
3.593814e+00 1.618547e+06 1.087216e+00
3.627100e+00 1.618547e+06 1.087216e+00
3.660695e+00 1.618547e+06 1.087216e+00
3.694601e+00 1.618547e+06 1.087216e+00
3.728821e+00 1.618547e+06 1.087216e+00
3.763358e+00 1.618547e+06 1.087216e+00
3.798215e+00 1.618547e+06 1.087216e+00
3.833395e+00 1.618547e+06 1.087216e+00
3.868901e+00 1.618547e+06 1.087216e+00
3.904735e+00 1.618547e+06 1.087216e+00
3.940902e+00 1.618547e+06 1.087216e+00
3.977403e+00 1.618547e+06 1.087216e+00
4.014242e+00 1.618547e+06 1.087216e+00
4.051423e+00 1.618547e+06 1.087216e+00
4.088948e+00 1.618547e+06 1.087216e+00
4.126821e+00 1.618547e+06 1.087216e+00
4.165044e+00 1.618547e+06 1.087216e+00
4.203622e+00 1.618547e+06 1.087216e+00
4.242556e+00 1.618547e+06 1.087216e+00
4.281852e+00 1.618547e+06 1.087216e+00
4.321511e+00 1.618547e+06 1.087216e+00
4.361538e+00 1.618547e+06 1.087216e+00
4.401935e+00 1.618547e+06 1.087216e+00
4.442707e+00 1.618547e+06 1.087216e+00
4.483856e+00 1.618547e+06 1.087216e+00
4.525386e+00 1.618547e+06 1.087216e+00
4.567301e+00 1.618547e+06 1.087216e+00
4.609604e+00 1.618547e+06 1.087216e+00
4.652300e+00 1.618547e+06 1.087216e+00
4.695390e+00 1.618547e+06 1.087216e+00
4.738880e+00 1.618547e+06 1.087216e+00
4.782772e+00 1.618547e+06 1.087216e+00
4.827071e+00 1.618547e+06 1.087216e+00
4.871780e+00 1.618547e+06 1.087216e+00
4.916904e+00 1.618547e+06 1.087216e+00
4.962445e+00 1.618547e+06 1.087216e+00
5.008408e+00 1.618547e+06 1.087216e+00
5.054797e+00 1.618547e+06 1.087216e+00
5.101615e+00 1.618547e+06 1.087216e+00
5.148867e+00 1.618547e+06 1.087216e+00
5.196557e+00 1.618547e+06 1.087216e+00
5.244689e+00 1.618547e+06 1.087216e+00
5.293266e+00 1.618547e+06 1.087216e+00
5.342293e+00 1.618547e+06 1.087216e+00
5.391775e+00 1.618547e+06 1.087216e+00
5.441714e+00 1.618547e+06 1.087216e+00
5.492116e+00 1.618547e+06 1.087216e+00
5.542986e+00 1.618547e+06 1.087216e+00
5.594326e+00 1.618547e+06 1.087216e+00
5.646141e+00 1.618547e+06 1.087216e+00
5.698437e+00 1.618547e+06 1.087216e+00
5.751217e+00 1.618547e+06 1.087216e+00
5.804486e+00 1.618547e+06 1.087216e+00
5.858248e+00 1.618547e+06 1.087216e+00
5.912508e+00 1.618547e+06 1.087216e+00
5.967271e+00 1.618547e+06 1.087216e+00
6.022541e+00 1.618547e+06 1.087216e+00
6.078323e+00 1.618547e+06 1.087216e+00
6.134622e+00 1.618547e+06 1.087216e+00
6.191442e+00 1.618547e+06 1.087216e+00
6.248788e+00 1.618547e+06 1.087216e+00
6.306666e+00 1.618547e+06 1.087216e+00
6.365079e+00 1.618547e+06 1.087216e+00
6.424034e+00 1.618547e+06 1.087216e+00
6.483534e+00 1.618547e+06 1.087216e+00
6.543586e+00 1.618547e+06 1.087216e+00
6.604194e+00 1.618547e+06 1.087216e+00
6.665363e+00 1.618547e+06 1.087216e+00
6.727099e+00 1.618547e+06 1.087216e+00
6.789407e+00 1.618547e+06 1.087216e+00
6.852292e+00 1.618547e+06 1.087216e+00
6.915759e+00 1.618547e+06 1.087216e+00
6.979814e+00 1.618547e+06 1.087216e+00
7.044462e+00 1.618547e+06 1.087216e+00
7.109709e+00 1.618547e+06 1.087216e+00
7.175561e+00 1.618547e+06 1.087216e+00
7.242022e+00 1.618547e+06 1.087216e+00
7.309099e+00 1.618547e+06 1.087216e+00
7.376798e+00 1.618547e+06 1.087216e+00
7.445123e+00 1.618547e+06 1.087216e+00
7.514081e+00 1.618547e+06 1.087216e+00
7.583678e+00 1.618547e+06 1.087216e+00
7.653919e+00 1.618547e+06 1.087216e+00
7.724811e+00 1.618547e+06 1.087216e+00
7.796360e+00 1.618547e+06 1.087216e+00
7.868572e+00 1.618547e+06 1.087216e+00
7.941452e+00 1.618547e+06 1.087216e+00
8.015007e+00 1.618547e+06 1.087216e+00
8.089243e+00 1.618547e+06 1.087216e+00
8.164168e+00 1.618547e+06 1.087216e+00
8.239786e+00 1.618547e+06 1.087216e+00
8.316104e+00 1.618547e+06 1.087216e+00
8.393129e+00 1.618547e+06 1.087216e+00
8.470868e+00 1.618547e+06 1.087216e+00
8.549327e+00 1.618547e+06 1.087216e+00
8.628513e+00 1.618547e+06 1.087216e+00
8.708431e+00 1.618547e+06 1.087216e+00
8.789091e+00 1.618547e+06 1.087216e+00
8.870497e+00 1.618547e+06 1.087216e+00
8.952657e+00 1.618547e+06 1.087216e+00
9.035578e+00 1.618547e+06 1.087216e+00
9.119268e+00 1.618547e+06 1.087216e+00
9.203732e+00 1.618547e+06 1.087216e+00
9.288979e+00 1.618547e+06 1.087216e+00
9.375015e+00 1.618547e+06 1.087216e+00
9.461848e+00 1.618547e+06 1.087216e+00
9.549486e+00 1.618547e+06 1.087216e+00
9.637935e+00 1.618547e+06 1.087216e+00
9.727203e+00 1.618547e+06 1.087216e+00
9.817298e+00 1.618547e+06 1.087216e+00
9.908228e+00 1.618547e+06 1.087216e+00
1.000000e+01 1.618547e+06 1.087216e+00
