# n + p > d + g   [n_p__d_g]   ref=Parthenope3.0 (Serpico et al 2004)
# Forward rate N_A<sigma v> [cm^3 mol^-1 s^-1] extracted from
# parthenope3.0.f (default PIS2020 nuclear-rate selection).
# error column = sqrt((1+drate_up)/(1+drate_lo)), the full Parthenope
# 1-sigma multiplicative envelope (statistical fp/fm + systematic floor).
# T9                 rate                error
1.000000e-03 4.409364e+04 1.001478e+00
1.009262e-03 4.409329e+04 1.001478e+00
1.018610e-03 4.409293e+04 1.001478e+00
1.028045e-03 4.409257e+04 1.001478e+00
1.037567e-03 4.409220e+04 1.001478e+00
1.047177e-03 4.409183e+04 1.001478e+00
1.056876e-03 4.409145e+04 1.001478e+00
1.066665e-03 4.409107e+04 1.001478e+00
1.076545e-03 4.409067e+04 1.001479e+00
1.086516e-03 4.409027e+04 1.001479e+00
1.096579e-03 4.408986e+04 1.001479e+00
1.106736e-03 4.408945e+04 1.001479e+00
1.116987e-03 4.408904e+04 1.001479e+00
1.127333e-03 4.408861e+04 1.001480e+00
1.137774e-03 4.408818e+04 1.001480e+00
1.148312e-03 4.408773e+04 1.001480e+00
1.158948e-03 4.408729e+04 1.001480e+00
1.169683e-03 4.408684e+04 1.001480e+00
1.180517e-03 4.408638e+04 1.001481e+00
1.191451e-03 4.408591e+04 1.001481e+00
1.202486e-03 4.408543e+04 1.001481e+00
1.213624e-03 4.408495e+04 1.001481e+00
1.224865e-03 4.408446e+04 1.001482e+00
1.236210e-03 4.408396e+04 1.001483e+00
1.247660e-03 4.408345e+04 1.001483e+00
1.259216e-03 4.408294e+04 1.001483e+00
1.270879e-03 4.408242e+04 1.001483e+00
1.282650e-03 4.408189e+04 1.001483e+00
1.294530e-03 4.408136e+04 1.001484e+00
1.306520e-03 4.408081e+04 1.001485e+00
1.318621e-03 4.408026e+04 1.001485e+00
1.330835e-03 4.407970e+04 1.001485e+00
1.343161e-03 4.407913e+04 1.001486e+00
1.355602e-03 4.407855e+04 1.001486e+00
1.368158e-03 4.407796e+04 1.001487e+00
1.380830e-03 4.407736e+04 1.001487e+00
1.393619e-03 4.407676e+04 1.001488e+00
1.406527e-03 4.407615e+04 1.001488e+00
1.419555e-03 4.407553e+04 1.001489e+00
1.432703e-03 4.407491e+04 1.001489e+00
1.445973e-03 4.407427e+04 1.001490e+00
1.459366e-03 4.407362e+04 1.001490e+00
1.472883e-03 4.407296e+04 1.001491e+00
1.486525e-03 4.407229e+04 1.001491e+00
1.500293e-03 4.407162e+04 1.001492e+00
1.514189e-03 4.407094e+04 1.001493e+00
1.528214e-03 4.407024e+04 1.001493e+00
1.542369e-03 4.406954e+04 1.001493e+00
1.556654e-03 4.406882e+04 1.001494e+00
1.571072e-03 4.406810e+04 1.001495e+00
1.585624e-03 4.406737e+04 1.001496e+00
1.600310e-03 4.406662e+04 1.001497e+00
1.615133e-03 4.406587e+04 1.001497e+00
1.630092e-03 4.406511e+04 1.001497e+00
1.645191e-03 4.406433e+04 1.001498e+00
1.660429e-03 4.406355e+04 1.001499e+00
1.675808e-03 4.406275e+04 1.001500e+00
1.691330e-03 4.406195e+04 1.001500e+00
1.706995e-03 4.406113e+04 1.001501e+00
1.722805e-03 4.406030e+04 1.001502e+00
1.738762e-03 4.405946e+04 1.001503e+00
1.754867e-03 4.405861e+04 1.001504e+00
1.771121e-03 4.405775e+04 1.001504e+00
1.787526e-03 4.405688e+04 1.001505e+00
1.804082e-03 4.405600e+04 1.001506e+00
1.820792e-03 4.405510e+04 1.001507e+00
1.837656e-03 4.405420e+04 1.001508e+00
1.854677e-03 4.405328e+04 1.001509e+00
1.871855e-03 4.405235e+04 1.001510e+00
1.889193e-03 4.405141e+04 1.001510e+00
1.906691e-03 4.405046e+04 1.001511e+00
1.924351e-03 4.404949e+04 1.001512e+00
1.942175e-03 4.404851e+04 1.001513e+00
1.960163e-03 4.404752e+04 1.001514e+00
1.978319e-03 4.404651e+04 1.001515e+00
1.996642e-03 4.404550e+04 1.001516e+00
2.015136e-03 4.404447e+04 1.001517e+00
2.033800e-03 4.404343e+04 1.001518e+00
2.052638e-03 4.404237e+04 1.001519e+00
2.071650e-03 4.404130e+04 1.001520e+00
2.090838e-03 4.404022e+04 1.001522e+00
2.110203e-03 4.403913e+04 1.001523e+00
2.129749e-03 4.403802e+04 1.001524e+00
2.149475e-03 4.403690e+04 1.001525e+00
2.169384e-03 4.403576e+04 1.001526e+00
2.189477e-03 4.403460e+04 1.001527e+00
2.209756e-03 4.403344e+04 1.001528e+00
2.230223e-03 4.403227e+04 1.001529e+00
2.250880e-03 4.403108e+04 1.001531e+00
2.271728e-03 4.402987e+04 1.001532e+00
2.292769e-03 4.402864e+04 1.001533e+00
2.314005e-03 4.402741e+04 1.001534e+00
2.335438e-03 4.402616e+04 1.001536e+00
2.357069e-03 4.402489e+04 1.001537e+00
2.378901e-03 4.402360e+04 1.001538e+00
2.400935e-03 4.402230e+04 1.001539e+00
2.423173e-03 4.402099e+04 1.001541e+00
2.445617e-03 4.401966e+04 1.001542e+00
2.468268e-03 4.401831e+04 1.001544e+00
2.491130e-03 4.401695e+04 1.001545e+00
2.514203e-03 4.401558e+04 1.001546e+00
2.537490e-03 4.401419e+04 1.001547e+00
2.560993e-03 4.401278e+04 1.001549e+00
2.584714e-03 4.401135e+04 1.001550e+00
2.608654e-03 4.400990e+04 1.001552e+00
2.632815e-03 4.400844e+04 1.001553e+00
2.657201e-03 4.400697e+04 1.001555e+00
2.681813e-03 4.400547e+04 1.001556e+00
2.706652e-03 4.400395e+04 1.001558e+00
2.731722e-03 4.400243e+04 1.001559e+00
2.757023e-03 4.400088e+04 1.001561e+00
2.782559e-03 4.399931e+04 1.001562e+00
2.808332e-03 4.399773e+04 1.001564e+00
2.834343e-03 4.399613e+04 1.001566e+00
2.860596e-03 4.399452e+04 1.001568e+00
2.887091e-03 4.399288e+04 1.001569e+00
2.913832e-03 4.399121e+04 1.001571e+00
2.940820e-03 4.398954e+04 1.001572e+00
2.968059e-03 4.398784e+04 1.001574e+00
2.995549e-03 4.398613e+04 1.001576e+00
3.023295e-03 4.398440e+04 1.001578e+00
3.051297e-03 4.398265e+04 1.001579e+00
3.079559e-03 4.398087e+04 1.001581e+00
3.108082e-03 4.397907e+04 1.001583e+00
3.136870e-03 4.397726e+04 1.001585e+00
3.165924e-03 4.397543e+04 1.001586e+00
3.195248e-03 4.397358e+04 1.001588e+00
3.224842e-03 4.397170e+04 1.001590e+00
3.254712e-03 4.396980e+04 1.001592e+00
3.284857e-03 4.396789e+04 1.001594e+00
3.315282e-03 4.396594e+04 1.001596e+00
3.345989e-03 4.396398e+04 1.001597e+00
3.376980e-03 4.396200e+04 1.001599e+00
3.408259e-03 4.396000e+04 1.001601e+00
3.439826e-03 4.395797e+04 1.001603e+00
3.471687e-03 4.395593e+04 1.001605e+00
3.503842e-03 4.395385e+04 1.001607e+00
3.536296e-03 4.395176e+04 1.001609e+00
3.569049e-03 4.394964e+04 1.001611e+00
3.602107e-03 4.394751e+04 1.001613e+00
3.635470e-03 4.394535e+04 1.001615e+00
3.669142e-03 4.394316e+04 1.001617e+00
3.703127e-03 4.394095e+04 1.001620e+00
3.737426e-03 4.393871e+04 1.001622e+00
3.772042e-03 4.393645e+04 1.001624e+00
3.806980e-03 4.393417e+04 1.001626e+00
3.842241e-03 4.393186e+04 1.001628e+00
3.877828e-03 4.392953e+04 1.001630e+00
3.913746e-03 4.392717e+04 1.001632e+00
3.949995e-03 4.392479e+04 1.001634e+00
3.986581e-03 4.392238e+04 1.001637e+00
4.023506e-03 4.391995e+04 1.001639e+00
4.060772e-03 4.391749e+04 1.001641e+00
4.098384e-03 4.391500e+04 1.001643e+00
4.136344e-03 4.391249e+04 1.001646e+00
4.174655e-03 4.390995e+04 1.001648e+00
4.213322e-03 4.390738e+04 1.001650e+00
4.252346e-03 4.390479e+04 1.001652e+00
4.291732e-03 4.390217e+04 1.001655e+00
4.331483e-03 4.389952e+04 1.001657e+00
4.371602e-03 4.389684e+04 1.001660e+00
4.412093e-03 4.389414e+04 1.001662e+00
4.452959e-03 4.389141e+04 1.001664e+00
4.494203e-03 4.388864e+04 1.001666e+00
4.535829e-03 4.388585e+04 1.001669e+00
4.577841e-03 4.388303e+04 1.001671e+00
4.620241e-03 4.388019e+04 1.001674e+00
4.663035e-03 4.387731e+04 1.001676e+00
4.706225e-03 4.387440e+04 1.001679e+00
4.749815e-03 4.387146e+04 1.001681e+00
4.793808e-03 4.386849e+04 1.001684e+00
4.838210e-03 4.386549e+04 1.001686e+00
4.883022e-03 4.386246e+04 1.001689e+00
4.928250e-03 4.385941e+04 1.001691e+00
4.973896e-03 4.385631e+04 1.001694e+00
5.019965e-03 4.385319e+04 1.001696e+00
5.066461e-03 4.385003e+04 1.001699e+00
5.113388e-03 4.384684e+04 1.001702e+00
5.160749e-03 4.384362e+04 1.001705e+00
5.208549e-03 4.384036e+04 1.001707e+00
5.256791e-03 4.383708e+04 1.001709e+00
5.305481e-03 4.383375e+04 1.001712e+00
5.354621e-03 4.383040e+04 1.001715e+00
5.404216e-03 4.382701e+04 1.001718e+00
5.454271e-03 4.382358e+04 1.001721e+00
5.504790e-03 4.382013e+04 1.001723e+00
5.555776e-03 4.381663e+04 1.001725e+00
5.607235e-03 4.381311e+04 1.001728e+00
5.659170e-03 4.380955e+04 1.001731e+00
5.711586e-03 4.380594e+04 1.001734e+00
5.764488e-03 4.380231e+04 1.001737e+00
5.817880e-03 4.379863e+04 1.001739e+00
5.871766e-03 4.379493e+04 1.001742e+00
5.926152e-03 4.379118e+04 1.001745e+00
5.981041e-03 4.378740e+04 1.001748e+00
6.036439e-03 4.378358e+04 1.001751e+00
6.092349e-03 4.377972e+04 1.001754e+00
6.148778e-03 4.377582e+04 1.001757e+00
6.205729e-03 4.377189e+04 1.001759e+00
6.263207e-03 4.376791e+04 1.001762e+00
6.321218e-03 4.376390e+04 1.001765e+00
6.379767e-03 4.375985e+04 1.001768e+00
6.438857e-03 4.375575e+04 1.001771e+00
6.498495e-03 4.375162e+04 1.001774e+00
6.558686e-03 4.374745e+04 1.001777e+00
6.619433e-03 4.374323e+04 1.001780e+00
6.680744e-03 4.373897e+04 1.001783e+00
6.742622e-03 4.373468e+04 1.001786e+00
6.805074e-03 4.373034e+04 1.001789e+00
6.868104e-03 4.372596e+04 1.001792e+00
6.931717e-03 4.372153e+04 1.001795e+00
6.995920e-03 4.371706e+04 1.001798e+00
7.060718e-03 4.371255e+04 1.001801e+00
7.126115e-03 4.370800e+04 1.001804e+00
7.192119e-03 4.370340e+04 1.001807e+00
7.258734e-03 4.369876e+04 1.001810e+00
7.325965e-03 4.369407e+04 1.001813e+00
7.393820e-03 4.368934e+04 1.001817e+00
7.462303e-03 4.368456e+04 1.001820e+00
7.531420e-03 4.367973e+04 1.001823e+00
7.601178e-03 4.367486e+04 1.001826e+00
7.671581e-03 4.366994e+04 1.001829e+00
7.742637e-03 4.366498e+04 1.001832e+00
7.814351e-03 4.365997e+04 1.001835e+00
7.886729e-03 4.365491e+04 1.001838e+00
7.959777e-03 4.364980e+04 1.001842e+00
8.033502e-03 4.364464e+04 1.001845e+00
8.107910e-03 4.363944e+04 1.001848e+00
8.183007e-03 4.363419e+04 1.001851e+00
8.258799e-03 4.362888e+04 1.001854e+00
8.335294e-03 4.362352e+04 1.001857e+00
8.412497e-03 4.361812e+04 1.001861e+00
8.490415e-03 4.361266e+04 1.001864e+00
8.569055e-03 4.360716e+04 1.001867e+00
8.648423e-03 4.360160e+04 1.001870e+00
8.728527e-03 4.359599e+04 1.001874e+00
8.809372e-03 4.359033e+04 1.001877e+00
8.890966e-03 4.358461e+04 1.001880e+00
8.973316e-03 4.357883e+04 1.001883e+00
9.056428e-03 4.357301e+04 1.001887e+00
9.140311e-03 4.356713e+04 1.001890e+00
9.224970e-03 4.356120e+04 1.001893e+00
9.310413e-03 4.355522e+04 1.001896e+00
9.396648e-03 4.354918e+04 1.001900e+00
9.483682e-03 4.354307e+04 1.001903e+00
9.571522e-03 4.353691e+04 1.001907e+00
9.660175e-03 4.353070e+04 1.001910e+00
9.749649e-03 4.352443e+04 1.001913e+00
9.839952e-03 4.351811e+04 1.001916e+00
9.931092e-03 4.351172e+04 1.001919e+00
1.002308e-02 4.350527e+04 1.001923e+00
1.011591e-02 4.349877e+04 1.001927e+00
1.020961e-02 4.349221e+04 1.001930e+00
1.030417e-02 4.348558e+04 1.001933e+00
1.039961e-02 4.347890e+04 1.001936e+00
1.049593e-02 4.347216e+04 1.001940e+00
1.059315e-02 4.346536e+04 1.001943e+00
1.069126e-02 4.345849e+04 1.001946e+00
1.079029e-02 4.345155e+04 1.001949e+00
1.089023e-02 4.344456e+04 1.001952e+00
1.099110e-02 4.343751e+04 1.001956e+00
1.109290e-02 4.343039e+04 1.001960e+00
1.119564e-02 4.342320e+04 1.001963e+00
1.129934e-02 4.341595e+04 1.001967e+00
1.140400e-02 4.340863e+04 1.001970e+00
1.150962e-02 4.340126e+04 1.001973e+00
1.161623e-02 4.339382e+04 1.001976e+00
1.172382e-02 4.338630e+04 1.001979e+00
1.183241e-02 4.337872e+04 1.001983e+00
1.194200e-02 4.337107e+04 1.001987e+00
1.205261e-02 4.336335e+04 1.001990e+00
1.216424e-02 4.335556e+04 1.001993e+00
1.227691e-02 4.334771e+04 1.001996e+00
1.239062e-02 4.333979e+04 1.001999e+00
1.250539e-02 4.333180e+04 1.002003e+00
1.262121e-02 4.332373e+04 1.002007e+00
1.273811e-02 4.331559e+04 1.002010e+00
1.285610e-02 4.330739e+04 1.002013e+00
1.297517e-02 4.329911e+04 1.002016e+00
1.309535e-02 4.329076e+04 1.002019e+00
1.321664e-02 4.328233e+04 1.002023e+00
1.333906e-02 4.327382e+04 1.002027e+00
1.346261e-02 4.326525e+04 1.002030e+00
1.358730e-02 4.325659e+04 1.002033e+00
1.371315e-02 4.324787e+04 1.002036e+00
1.384016e-02 4.323907e+04 1.002039e+00
1.396835e-02 4.323019e+04 1.002043e+00
1.409773e-02 4.322123e+04 1.002046e+00
1.422830e-02 4.321220e+04 1.002049e+00
1.436009e-02 4.320309e+04 1.002052e+00
1.449310e-02 4.319390e+04 1.002056e+00
1.462733e-02 4.318462e+04 1.002060e+00
1.476281e-02 4.317527e+04 1.002063e+00
1.489955e-02 4.316584e+04 1.002066e+00
1.503755e-02 4.315633e+04 1.002069e+00
1.517683e-02 4.314673e+04 1.002072e+00
1.531740e-02 4.313706e+04 1.002076e+00
1.545928e-02 4.312729e+04 1.002079e+00
1.560246e-02 4.311745e+04 1.002082e+00
1.574698e-02 4.310752e+04 1.002085e+00
1.589283e-02 4.309751e+04 1.002089e+00
1.604003e-02 4.308741e+04 1.002092e+00
1.618860e-02 4.307723e+04 1.002095e+00
1.633854e-02 4.306696e+04 1.002098e+00
1.648987e-02 4.305660e+04 1.002101e+00
1.664260e-02 4.304616e+04 1.002104e+00
1.679675e-02 4.303562e+04 1.002108e+00
1.695232e-02 4.302499e+04 1.002111e+00
1.710934e-02 4.301428e+04 1.002114e+00
1.726781e-02 4.300348e+04 1.002117e+00
1.742775e-02 4.299259e+04 1.002121e+00
1.758917e-02 4.298161e+04 1.002124e+00
1.775208e-02 4.297053e+04 1.002127e+00
1.791650e-02 4.295936e+04 1.002130e+00
1.808245e-02 4.294810e+04 1.002133e+00
1.824993e-02 4.293675e+04 1.002136e+00
1.841897e-02 4.292530e+04 1.002139e+00
1.858957e-02 4.291375e+04 1.002142e+00
1.876175e-02 4.290211e+04 1.002145e+00
1.893552e-02 4.289037e+04 1.002148e+00
1.911091e-02 4.287854e+04 1.002151e+00
1.928792e-02 4.286660e+04 1.002154e+00
1.946656e-02 4.285457e+04 1.002157e+00
1.964687e-02 4.284244e+04 1.002160e+00
1.982884e-02 4.283021e+04 1.002163e+00
2.001250e-02 4.281788e+04 1.002166e+00
2.019786e-02 4.280545e+04 1.002169e+00
2.038493e-02 4.279292e+04 1.002172e+00
2.057374e-02 4.278029e+04 1.002175e+00
2.076430e-02 4.276754e+04 1.002178e+00
2.095662e-02 4.275470e+04 1.002181e+00
2.115073e-02 4.274175e+04 1.002184e+00
2.134663e-02 4.272870e+04 1.002187e+00
2.154435e-02 4.271555e+04 1.002190e+00
2.174389e-02 4.270228e+04 1.002193e+00
2.194529e-02 4.268892e+04 1.002196e+00
2.214855e-02 4.267544e+04 1.002198e+00
2.235370e-02 4.266185e+04 1.002201e+00
2.256074e-02 4.264815e+04 1.002204e+00
2.276970e-02 4.263435e+04 1.002207e+00
2.298060e-02 4.262044e+04 1.002210e+00
2.319345e-02 4.260641e+04 1.002213e+00
2.340827e-02 4.259227e+04 1.002215e+00
2.362508e-02 4.257802e+04 1.002218e+00
2.384390e-02 4.256366e+04 1.002221e+00
2.406475e-02 4.254918e+04 1.002224e+00
2.428764e-02 4.253459e+04 1.002226e+00
2.451260e-02 4.251988e+04 1.002229e+00
2.473964e-02 4.250506e+04 1.002231e+00
2.496878e-02 4.249012e+04 1.002234e+00
2.520005e-02 4.247506e+04 1.002237e+00
2.543346e-02 4.245988e+04 1.002240e+00
2.566903e-02 4.244459e+04 1.002242e+00
2.590678e-02 4.242918e+04 1.002245e+00
2.614673e-02 4.241364e+04 1.002247e+00
2.638891e-02 4.239798e+04 1.002250e+00
2.663333e-02 4.238221e+04 1.002252e+00
2.688001e-02 4.236631e+04 1.002255e+00
2.712898e-02 4.235029e+04 1.002257e+00
2.738025e-02 4.233414e+04 1.002260e+00
2.763385e-02 4.231787e+04 1.002262e+00
2.788980e-02 4.230147e+04 1.002265e+00
2.814812e-02 4.228495e+04 1.002267e+00
2.840884e-02 4.226831e+04 1.002269e+00
2.867196e-02 4.225153e+04 1.002271e+00
2.893753e-02 4.223463e+04 1.002273e+00
2.920556e-02 4.221759e+04 1.002276e+00
2.947606e-02 4.220042e+04 1.002279e+00
2.974908e-02 4.218313e+04 1.002281e+00
3.002462e-02 4.216571e+04 1.002283e+00
3.030271e-02 4.214815e+04 1.002285e+00
3.058338e-02 4.213046e+04 1.002288e+00
3.086665e-02 4.211264e+04 1.002290e+00
3.115254e-02 4.209468e+04 1.002292e+00
3.144108e-02 4.207659e+04 1.002294e+00
3.173230e-02 4.205837e+04 1.002296e+00
3.202621e-02 4.204000e+04 1.002298e+00
3.232284e-02 4.202150e+04 1.002301e+00
3.262222e-02 4.200287e+04 1.002303e+00
3.292437e-02 4.198409e+04 1.002305e+00
3.322933e-02 4.196517e+04 1.002307e+00
3.353710e-02 4.194612e+04 1.002309e+00
3.384773e-02 4.192692e+04 1.002311e+00
3.416123e-02 4.190759e+04 1.002313e+00
3.447764e-02 4.188810e+04 1.002315e+00
3.479698e-02 4.186848e+04 1.002317e+00
3.511928e-02 4.184871e+04 1.002319e+00
3.544456e-02 4.182880e+04 1.002321e+00
3.577285e-02 4.180875e+04 1.002323e+00
3.610419e-02 4.178855e+04 1.002325e+00
3.643859e-02 4.176820e+04 1.002327e+00
3.677609e-02 4.174771e+04 1.002329e+00
3.711672e-02 4.172706e+04 1.002330e+00
3.746050e-02 4.170627e+04 1.002332e+00
3.780747e-02 4.168533e+04 1.002334e+00
3.815765e-02 4.166424e+04 1.002336e+00
3.851107e-02 4.164299e+04 1.002338e+00
3.886777e-02 4.162159e+04 1.002340e+00
3.922777e-02 4.160005e+04 1.002341e+00
3.959110e-02 4.157835e+04 1.002343e+00
3.995780e-02 4.155649e+04 1.002344e+00
4.032790e-02 4.153448e+04 1.002346e+00
4.070142e-02 4.151231e+04 1.002348e+00
4.107841e-02 4.148999e+04 1.002350e+00
4.145888e-02 4.146751e+04 1.002351e+00
4.184289e-02 4.144488e+04 1.002353e+00
4.223044e-02 4.142209e+04 1.002354e+00
4.262159e-02 4.139914e+04 1.002356e+00
4.301636e-02 4.137603e+04 1.002357e+00
4.341478e-02 4.135275e+04 1.002359e+00
4.381690e-02 4.132931e+04 1.002361e+00
4.422274e-02 4.130572e+04 1.002363e+00
4.463234e-02 4.128196e+04 1.002365e+00
4.504573e-02 4.125803e+04 1.002366e+00
4.546295e-02 4.123395e+04 1.002367e+00
4.588404e-02 4.120970e+04 1.002368e+00
4.630903e-02 4.118529e+04 1.002369e+00
4.673795e-02 4.116070e+04 1.002371e+00
4.717085e-02 4.113596e+04 1.002372e+00
4.760775e-02 4.111104e+04 1.002374e+00
4.804870e-02 4.108596e+04 1.002375e+00
4.849374e-02 4.106070e+04 1.002377e+00
4.894290e-02 4.103528e+04 1.002378e+00
4.939622e-02 4.100969e+04 1.002380e+00
4.985373e-02 4.098392e+04 1.002381e+00
5.031549e-02 4.095798e+04 1.002382e+00
5.078152e-02 4.093188e+04 1.002383e+00
5.125187e-02 4.090560e+04 1.002385e+00
5.172657e-02 4.087914e+04 1.002386e+00
5.220568e-02 4.085251e+04 1.002388e+00
5.268921e-02 4.082571e+04 1.002389e+00
5.317723e-02 4.079873e+04 1.002389e+00
5.366977e-02 4.077158e+04 1.002390e+00
5.416687e-02 4.074425e+04 1.002392e+00
5.466857e-02 4.071674e+04 1.002393e+00
5.517492e-02 4.068905e+04 1.002395e+00
5.568596e-02 4.066119e+04 1.002396e+00
5.620174e-02 4.063315e+04 1.002397e+00
5.672229e-02 4.060492e+04 1.002398e+00
5.724766e-02 4.057652e+04 1.002400e+00
5.777790e-02 4.054793e+04 1.002401e+00
5.831305e-02 4.051916e+04 1.002401e+00
5.885316e-02 4.049022e+04 1.002402e+00
5.939827e-02 4.046109e+04 1.002404e+00
5.994843e-02 4.043177e+04 1.002405e+00
6.050368e-02 4.040227e+04 1.002407e+00
6.106408e-02 4.037259e+04 1.002408e+00
6.162966e-02 4.034272e+04 1.002409e+00
6.220049e-02 4.031266e+04 1.002410e+00
6.277660e-02 4.028242e+04 1.002411e+00
6.335805e-02 4.025200e+04 1.002412e+00
6.394488e-02 4.022139e+04 1.002413e+00
6.453715e-02 4.019058e+04 1.002414e+00
6.513491e-02 4.015959e+04 1.002414e+00
6.573820e-02 4.012842e+04 1.002415e+00
6.634708e-02 4.009705e+04 1.002417e+00
6.696160e-02 4.006549e+04 1.002418e+00
6.758181e-02 4.003374e+04 1.002420e+00
6.820777e-02 4.000180e+04 1.002421e+00
6.883952e-02 3.996967e+04 1.002422e+00
6.947713e-02 3.993735e+04 1.002423e+00
7.012064e-02 3.990484e+04 1.002424e+00
7.077011e-02 3.987214e+04 1.002425e+00
7.142559e-02 3.983925e+04 1.002425e+00
7.208715e-02 3.980615e+04 1.002426e+00
7.275484e-02 3.977287e+04 1.002428e+00
7.342870e-02 3.973939e+04 1.002429e+00
7.410882e-02 3.970572e+04 1.002431e+00
7.479523e-02 3.967185e+04 1.002432e+00
7.548799e-02 3.963779e+04 1.002432e+00
7.618718e-02 3.960353e+04 1.002434e+00
7.689284e-02 3.956908e+04 1.002435e+00
7.760503e-02 3.953444e+04 1.002436e+00
7.832383e-02 3.949959e+04 1.002436e+00
7.904928e-02 3.946454e+04 1.002437e+00
7.978145e-02 3.942930e+04 1.002439e+00
8.052040e-02 3.939387e+04 1.002440e+00
8.126619e-02 3.935824e+04 1.002442e+00
8.201889e-02 3.932240e+04 1.002443e+00
8.277857e-02 3.928637e+04 1.002443e+00
8.354528e-02 3.925014e+04 1.002444e+00
8.431909e-02 3.921372e+04 1.002446e+00
8.510007e-02 3.917709e+04 1.002447e+00
8.588829e-02 3.914027e+04 1.002449e+00
8.668380e-02 3.910325e+04 1.002449e+00
8.748668e-02 3.906603e+04 1.002451e+00
8.829700e-02 3.902861e+04 1.002452e+00
8.911482e-02 3.899098e+04 1.002454e+00
8.994022e-02 3.895316e+04 1.002454e+00
9.077327e-02 3.891514e+04 1.002456e+00
9.161402e-02 3.887692e+04 1.002457e+00
9.246257e-02 3.883850e+04 1.002459e+00
9.331898e-02 3.879987e+04 1.002460e+00
9.418332e-02 3.876105e+04 1.002462e+00
9.505566e-02 3.872203e+04 1.002462e+00
9.593608e-02 3.868281e+04 1.002464e+00
9.682466e-02 3.864339e+04 1.002465e+00
9.772147e-02 3.860377e+04 1.002467e+00
9.862658e-02 3.856394e+04 1.002468e+00
9.954008e-02 3.852393e+04 1.002470e+00
1.004620e-01 3.848371e+04 1.002471e+00
1.013925e-01 3.844329e+04 1.002473e+00
1.023317e-01 3.840267e+04 1.002474e+00
1.032795e-01 3.836184e+04 1.002476e+00
1.042361e-01 3.832082e+04 1.002477e+00
1.052015e-01 3.827960e+04 1.002479e+00
1.061759e-01 3.823819e+04 1.002480e+00
1.071593e-01 3.819657e+04 1.002482e+00
1.081519e-01 3.815475e+04 1.002483e+00
1.091536e-01 3.811274e+04 1.002485e+00
1.101646e-01 3.807053e+04 1.002486e+00
1.111850e-01 3.802812e+04 1.002488e+00
1.122148e-01 3.798551e+04 1.002490e+00
1.132541e-01 3.794270e+04 1.002492e+00
1.143031e-01 3.789970e+04 1.002493e+00
1.153618e-01 3.785649e+04 1.002495e+00
1.164303e-01 3.781309e+04 1.002497e+00
1.175087e-01 3.776950e+04 1.002499e+00
1.185971e-01 3.772572e+04 1.002500e+00
1.196956e-01 3.768173e+04 1.002502e+00
1.208042e-01 3.763755e+04 1.002504e+00
1.219231e-01 3.759317e+04 1.002506e+00
1.230524e-01 3.754861e+04 1.002507e+00
1.241921e-01 3.750385e+04 1.002509e+00
1.253424e-01 3.745890e+04 1.002511e+00
1.265034e-01 3.741375e+04 1.002513e+00
1.276751e-01 3.736841e+04 1.002515e+00
1.288576e-01 3.732288e+04 1.002517e+00
1.300511e-01 3.727716e+04 1.002518e+00
1.312557e-01 3.723126e+04 1.002520e+00
1.324714e-01 3.718517e+04 1.002522e+00
1.336984e-01 3.713888e+04 1.002524e+00
1.349367e-01 3.709241e+04 1.002526e+00
1.361865e-01 3.704575e+04 1.002528e+00
1.374479e-01 3.699890e+04 1.002530e+00
1.387210e-01 3.695187e+04 1.002532e+00
1.400058e-01 3.690465e+04 1.002534e+00
1.413026e-01 3.685725e+04 1.002536e+00
1.426114e-01 3.680967e+04 1.002538e+00
1.439323e-01 3.676190e+04 1.002540e+00
1.452654e-01 3.671396e+04 1.002542e+00
1.466109e-01 3.666583e+04 1.002544e+00
1.479688e-01 3.661753e+04 1.002545e+00
1.493393e-01 3.656904e+04 1.002547e+00
1.507225e-01 3.652039e+04 1.002549e+00
1.521186e-01 3.647155e+04 1.002551e+00
1.535275e-01 3.642254e+04 1.002553e+00
1.549495e-01 3.637336e+04 1.002555e+00
1.563847e-01 3.632401e+04 1.002557e+00
1.578331e-01 3.627448e+04 1.002559e+00
1.592950e-01 3.622477e+04 1.002561e+00
1.607704e-01 3.617490e+04 1.002563e+00
1.622595e-01 3.612487e+04 1.002565e+00
1.637624e-01 3.607467e+04 1.002567e+00
1.652792e-01 3.602430e+04 1.002568e+00
1.668101e-01 3.597377e+04 1.002570e+00
1.683551e-01 3.592307e+04 1.002572e+00
1.699144e-01 3.587222e+04 1.002574e+00
1.714882e-01 3.582120e+04 1.002575e+00
1.730766e-01 3.577003e+04 1.002577e+00
1.746796e-01 3.571870e+04 1.002579e+00
1.762975e-01 3.566721e+04 1.002581e+00
1.779304e-01 3.561557e+04 1.002582e+00
1.795785e-01 3.556379e+04 1.002584e+00
1.812418e-01 3.551185e+04 1.002585e+00
1.829205e-01 3.545976e+04 1.002587e+00
1.846147e-01 3.540752e+04 1.002588e+00
1.863246e-01 3.535514e+04 1.002590e+00
1.880504e-01 3.530261e+04 1.002591e+00
1.897922e-01 3.524994e+04 1.002592e+00
1.915501e-01 3.519713e+04 1.002593e+00
1.933242e-01 3.514419e+04 1.002595e+00
1.951148e-01 3.509110e+04 1.002596e+00
1.969220e-01 3.503788e+04 1.002598e+00
1.987460e-01 3.498452e+04 1.002598e+00
2.005868e-01 3.493104e+04 1.002599e+00
2.024447e-01 3.487743e+04 1.002601e+00
2.043197e-01 3.482369e+04 1.002601e+00
2.062122e-01 3.476982e+04 1.002602e+00
2.081222e-01 3.471584e+04 1.002602e+00
2.100498e-01 3.466173e+04 1.002603e+00
2.119953e-01 3.460750e+04 1.002604e+00
2.139589e-01 3.455315e+04 1.002605e+00
2.159406e-01 3.449870e+04 1.002605e+00
2.179407e-01 3.444413e+04 1.002606e+00
2.199593e-01 3.438946e+04 1.002606e+00
2.219966e-01 3.433467e+04 1.002606e+00
2.240528e-01 3.427977e+04 1.002606e+00
2.261280e-01 3.422478e+04 1.002606e+00
2.282224e-01 3.416968e+04 1.002606e+00
2.303363e-01 3.411449e+04 1.002606e+00
2.324697e-01 3.405920e+04 1.002606e+00
2.346229e-01 3.400382e+04 1.002605e+00
2.367960e-01 3.394835e+04 1.002605e+00
2.389893e-01 3.389279e+04 1.002604e+00
2.412028e-01 3.383714e+04 1.002604e+00
2.434369e-01 3.378142e+04 1.002603e+00
2.456916e-01 3.372561e+04 1.002603e+00
2.479673e-01 3.366972e+04 1.002602e+00
2.502640e-01 3.361376e+04 1.002600e+00
2.525820e-01 3.355773e+04 1.002599e+00
2.549215e-01 3.350163e+04 1.002597e+00
2.572826e-01 3.344546e+04 1.002596e+00
2.596656e-01 3.338923e+04 1.002594e+00
2.620707e-01 3.333294e+04 1.002593e+00
2.644980e-01 3.327659e+04 1.002591e+00
2.669478e-01 3.322018e+04 1.002589e+00
2.694204e-01 3.316373e+04 1.002587e+00
2.719158e-01 3.310723e+04 1.002585e+00
2.744343e-01 3.305068e+04 1.002583e+00
2.769762e-01 3.299408e+04 1.002581e+00
2.795416e-01 3.293745e+04 1.002578e+00
2.821308e-01 3.288078e+04 1.002576e+00
2.847439e-01 3.282408e+04 1.002573e+00
2.873813e-01 3.276734e+04 1.002570e+00
2.900430e-01 3.271058e+04 1.002567e+00
2.927295e-01 3.265380e+04 1.002563e+00
2.954408e-01 3.259699e+04 1.002560e+00
2.981772e-01 3.254017e+04 1.002556e+00
3.009390e-01 3.248334e+04 1.002553e+00
3.037264e-01 3.242650e+04 1.002549e+00
3.065395e-01 3.236965e+04 1.002546e+00
3.093788e-01 3.231279e+04 1.002542e+00
3.122443e-01 3.225593e+04 1.002537e+00
3.151363e-01 3.219908e+04 1.002534e+00
3.180552e-01 3.214224e+04 1.002529e+00
3.210011e-01 3.208540e+04 1.002525e+00
3.239743e-01 3.202858e+04 1.002520e+00
3.269750e-01 3.197178e+04 1.002515e+00
3.300035e-01 3.191500e+04 1.002510e+00
3.330600e-01 3.185824e+04 1.002506e+00
3.361449e-01 3.180152e+04 1.002501e+00
3.392583e-01 3.174482e+04 1.002495e+00
3.424006e-01 3.168817e+04 1.002490e+00
3.455720e-01 3.163155e+04 1.002485e+00
3.487727e-01 3.157497e+04 1.002480e+00
3.520031e-01 3.151844e+04 1.002475e+00
3.552635e-01 3.146196e+04 1.002469e+00
3.585540e-01 3.140554e+04 1.002464e+00
3.618750e-01 3.134918e+04 1.002458e+00
3.652267e-01 3.129288e+04 1.002452e+00
3.686095e-01 3.123665e+04 1.002446e+00
3.720237e-01 3.118048e+04 1.002441e+00
3.754694e-01 3.112439e+04 1.002435e+00
3.789471e-01 3.106839e+04 1.002429e+00
3.824570e-01 3.101246e+04 1.002423e+00
3.859994e-01 3.095662e+04 1.002418e+00
3.895746e-01 3.090087e+04 1.002412e+00
3.931829e-01 3.084521e+04 1.002406e+00
3.968246e-01 3.078966e+04 1.002400e+00
4.005001e-01 3.073420e+04 1.002394e+00
4.042096e-01 3.067885e+04 1.002389e+00
4.079535e-01 3.062362e+04 1.002384e+00
4.117320e-01 3.056850e+04 1.002378e+00
4.155455e-01 3.051351e+04 1.002373e+00
4.193944e-01 3.045863e+04 1.002367e+00
4.232789e-01 3.040388e+04 1.002362e+00
4.271994e-01 3.034926e+04 1.002357e+00
4.311562e-01 3.029478e+04 1.002353e+00
4.351497e-01 3.024044e+04 1.002348e+00
4.391801e-01 3.018624e+04 1.002344e+00
4.432479e-01 3.013219e+04 1.002340e+00
4.473533e-01 3.007830e+04 1.002335e+00
4.514968e-01 3.002457e+04 1.002332e+00
4.556786e-01 2.997099e+04 1.002329e+00
4.598992e-01 2.991759e+04 1.002326e+00
4.641589e-01 2.986435e+04 1.002323e+00
4.684580e-01 2.981129e+04 1.002320e+00
4.727970e-01 2.975840e+04 1.002318e+00
4.771761e-01 2.970569e+04 1.002317e+00
4.815958e-01 2.965318e+04 1.002315e+00
4.860564e-01 2.960086e+04 1.002315e+00
4.905584e-01 2.954873e+04 1.002315e+00
4.951020e-01 2.949681e+04 1.002315e+00
4.996877e-01 2.944509e+04 1.002315e+00
5.043159e-01 2.939358e+04 1.002316e+00
5.089870e-01 2.934227e+04 1.002318e+00
5.137014e-01 2.929119e+04 1.002321e+00
5.184594e-01 2.924034e+04 1.002324e+00
5.232614e-01 2.918971e+04 1.002327e+00
5.281080e-01 2.913931e+04 1.002332e+00
5.329994e-01 2.908914e+04 1.002337e+00
5.379362e-01 2.903921e+04 1.002342e+00
5.429186e-01 2.898953e+04 1.002348e+00
5.479472e-01 2.894009e+04 1.002355e+00
5.530224e-01 2.889091e+04 1.002362e+00
5.581446e-01 2.884199e+04 1.002371e+00
5.633143e-01 2.879332e+04 1.002380e+00
5.685318e-01 2.874492e+04 1.002390e+00
5.737976e-01 2.869679e+04 1.002401e+00
5.791123e-01 2.864893e+04 1.002413e+00
5.844761e-01 2.860136e+04 1.002425e+00
5.898896e-01 2.855406e+04 1.002438e+00
5.953533e-01 2.850705e+04 1.002452e+00
6.008676e-01 2.846033e+04 1.002467e+00
6.064329e-01 2.841391e+04 1.002483e+00
6.120498e-01 2.836778e+04 1.002500e+00
6.177188e-01 2.832196e+04 1.002517e+00
6.234402e-01 2.827645e+04 1.002536e+00
6.292146e-01 2.823124e+04 1.002555e+00
6.350425e-01 2.818636e+04 1.002575e+00
6.409244e-01 2.814179e+04 1.002596e+00
6.468608e-01 2.809754e+04 1.002618e+00
6.528521e-01 2.805363e+04 1.002641e+00
6.588990e-01 2.801005e+04 1.002665e+00
6.650018e-01 2.796680e+04 1.002689e+00
6.711612e-01 2.792390e+04 1.002715e+00
6.773776e-01 2.788133e+04 1.002741e+00
6.836516e-01 2.783912e+04 1.002768e+00
6.899837e-01 2.779726e+04 1.002795e+00
6.963745e-01 2.775575e+04 1.002823e+00
7.028244e-01 2.771460e+04 1.002853e+00
7.093341e-01 2.767383e+04 1.002883e+00
7.159041e-01 2.763342e+04 1.002914e+00
7.225349e-01 2.759337e+04 1.002945e+00
7.292272e-01 2.755370e+04 1.002977e+00
7.359814e-01 2.751442e+04 1.003010e+00
7.427982e-01 2.747552e+04 1.003044e+00
7.496782e-01 2.743700e+04 1.003078e+00
7.566219e-01 2.739887e+04 1.003113e+00
7.636298e-01 2.736114e+04 1.003148e+00
7.707027e-01 2.732381e+04 1.003184e+00
7.778411e-01 2.728688e+04 1.003221e+00
7.850456e-01 2.725035e+04 1.003258e+00
7.923169e-01 2.721423e+04 1.003296e+00
7.996555e-01 2.717853e+04 1.003334e+00
8.070620e-01 2.714324e+04 1.003372e+00
8.145372e-01 2.710837e+04 1.003412e+00
8.220816e-01 2.707392e+04 1.003451e+00
8.296959e-01 2.703991e+04 1.003491e+00
8.373807e-01 2.700632e+04 1.003531e+00
8.451366e-01 2.697317e+04 1.003572e+00
8.529644e-01 2.694045e+04 1.003613e+00
8.608648e-01 2.690817e+04 1.003654e+00
8.688383e-01 2.687634e+04 1.003695e+00
8.768856e-01 2.684496e+04 1.003737e+00
8.850075e-01 2.681402e+04 1.003779e+00
8.932046e-01 2.678354e+04 1.003821e+00
9.014776e-01 2.675352e+04 1.003863e+00
9.098273e-01 2.672396e+04 1.003905e+00
9.182543e-01 2.669486e+04 1.003947e+00
9.267593e-01 2.666623e+04 1.003990e+00
9.353432e-01 2.663808e+04 1.004033e+00
9.440065e-01 2.661039e+04 1.004076e+00
9.527500e-01 2.658318e+04 1.004118e+00
9.615746e-01 2.655645e+04 1.004161e+00
9.704809e-01 2.653020e+04 1.004203e+00
9.794697e-01 2.650444e+04 1.004246e+00
9.885417e-01 2.647917e+04 1.004288e+00
9.976978e-01 2.645439e+04 1.004331e+00
1.006939e+00 2.643011e+04 1.004373e+00
1.016265e+00 2.640633e+04 1.004415e+00
1.025678e+00 2.638305e+04 1.004457e+00
1.035178e+00 2.636027e+04 1.004498e+00
1.044766e+00 2.633800e+04 1.004540e+00
1.054443e+00 2.631624e+04 1.004581e+00
1.064209e+00 2.629500e+04 1.004622e+00
1.074066e+00 2.627427e+04 1.004662e+00
1.084014e+00 2.625406e+04 1.004702e+00
1.094055e+00 2.623437e+04 1.004742e+00
1.104188e+00 2.621522e+04 1.004781e+00
1.114415e+00 2.619659e+04 1.004820e+00
1.124737e+00 2.617849e+04 1.004858e+00
1.135155e+00 2.616093e+04 1.004896e+00
1.145669e+00 2.614390e+04 1.004933e+00
1.156280e+00 2.612741e+04 1.004971e+00
1.166990e+00 2.611147e+04 1.005007e+00
1.177799e+00 2.609607e+04 1.005043e+00
1.188708e+00 2.608123e+04 1.005078e+00
1.199718e+00 2.606694e+04 1.005113e+00
1.210830e+00 2.605320e+04 1.005147e+00
1.222045e+00 2.604003e+04 1.005181e+00
1.233363e+00 2.602741e+04 1.005214e+00
1.244787e+00 2.601536e+04 1.005246e+00
1.256317e+00 2.600387e+04 1.005278e+00
1.267953e+00 2.599296e+04 1.005309e+00
1.279697e+00 2.598262e+04 1.005339e+00
1.291550e+00 2.597286e+04 1.005369e+00
1.303512e+00 2.596367e+04 1.005398e+00
1.315586e+00 2.595508e+04 1.005425e+00
1.327771e+00 2.594708e+04 1.005449e+00
1.340069e+00 2.593961e+04 1.005481e+00
1.352481e+00 2.593271e+04 1.005515e+00
1.365008e+00 2.592662e+04 1.005521e+00
1.377651e+00 2.592124e+04 1.005512e+00
1.390411e+00 2.591564e+04 1.005605e+00
1.403289e+00 2.591023e+04 1.005750e+00
1.416287e+00 2.590846e+04 1.005512e+00
1.429405e+00 2.590885e+04 1.005078e+00
1.442644e+00 2.589856e+04 1.006062e+00
1.456006e+00 2.588305e+04 1.007783e+00
1.469492e+00 2.591016e+04 1.004217e+00
1.483103e+00 2.596002e+04 9.979028e-01
1.496839e+00 2.585337e+04 1.011299e+00
1.510703e+00 2.554050e+04 1.051980e+00
1.524696e+00 2.529211e+04 1.085515e+00
1.538818e+00 2.526930e+04 1.087975e+00
1.553071e+00 2.531985e+04 1.080175e+00
1.567455e+00 2.532042e+04 1.079507e+00
1.581973e+00 2.530201e+04 1.081592e+00
1.596626e+00 2.529777e+04 1.081774e+00
1.611414e+00 2.529945e+04 1.081215e+00
1.626340e+00 2.529813e+04 1.081165e+00
1.641403e+00 2.529604e+04 1.081315e+00
1.656606e+00 2.529556e+04 1.081329e+00
1.671950e+00 2.529613e+04 1.081288e+00
1.687436e+00 2.529709e+04 1.081285e+00
1.703065e+00 2.529862e+04 1.081295e+00
1.718839e+00 2.530089e+04 1.081296e+00
1.734759e+00 2.530387e+04 1.081294e+00
1.750827e+00 2.530751e+04 1.081293e+00
1.767044e+00 2.531183e+04 1.081294e+00
1.783410e+00 2.531685e+04 1.081294e+00
1.799929e+00 2.532257e+04 1.081294e+00
1.816600e+00 2.532899e+04 1.081294e+00
1.833425e+00 2.533613e+04 1.081294e+00
1.850407e+00 2.534399e+04 1.081294e+00
1.867546e+00 2.535257e+04 1.081294e+00
1.884843e+00 2.536187e+04 1.081294e+00
1.902301e+00 2.537192e+04 1.081294e+00
1.919921e+00 2.538270e+04 1.081294e+00
1.937703e+00 2.539423e+04 1.081294e+00
1.955651e+00 2.540651e+04 1.081294e+00
1.973764e+00 2.541956e+04 1.081294e+00
1.992046e+00 2.543336e+04 1.081294e+00
2.010496e+00 2.544794e+04 1.081294e+00
2.029118e+00 2.546329e+04 1.081294e+00
2.047912e+00 2.547942e+04 1.081294e+00
2.066880e+00 2.549633e+04 1.081294e+00
2.086024e+00 2.551404e+04 1.081294e+00
2.105345e+00 2.553255e+04 1.081294e+00
2.124845e+00 2.555187e+04 1.081294e+00
2.144526e+00 2.557199e+04 1.081294e+00
2.164389e+00 2.559293e+04 1.081294e+00
2.184436e+00 2.561470e+04 1.081294e+00
2.204669e+00 2.563729e+04 1.081294e+00
2.225089e+00 2.566071e+04 1.081294e+00
2.245698e+00 2.568498e+04 1.081294e+00
2.266498e+00 2.571008e+04 1.081294e+00
2.287491e+00 2.573604e+04 1.081294e+00
2.308678e+00 2.576285e+04 1.081294e+00
2.330061e+00 2.579053e+04 1.081294e+00
2.351643e+00 2.581908e+04 1.081294e+00
2.373424e+00 2.584850e+04 1.081294e+00
2.395407e+00 2.587880e+04 1.081294e+00
2.417594e+00 2.590999e+04 1.081294e+00
2.439986e+00 2.594207e+04 1.081294e+00
2.462586e+00 2.597504e+04 1.081294e+00
2.485395e+00 2.600891e+04 1.081294e+00
2.508415e+00 2.604370e+04 1.081294e+00
2.531648e+00 2.607940e+04 1.081294e+00
2.555097e+00 2.611602e+04 1.081294e+00
2.578763e+00 2.615356e+04 1.081294e+00
2.602648e+00 2.619204e+04 1.081294e+00
2.626754e+00 2.623145e+04 1.081294e+00
2.651084e+00 2.627180e+04 1.081294e+00
2.675638e+00 2.631310e+04 1.081294e+00
2.700421e+00 2.635535e+04 1.081294e+00
2.725433e+00 2.639856e+04 1.081294e+00
2.750676e+00 2.644273e+04 1.081294e+00
2.776153e+00 2.648788e+04 1.081294e+00
2.801867e+00 2.653400e+04 1.081294e+00
2.827818e+00 2.658110e+04 1.081294e+00
2.854010e+00 2.662918e+04 1.081294e+00
2.880444e+00 2.667826e+04 1.081294e+00
2.907123e+00 2.672833e+04 1.081294e+00
2.934050e+00 2.677940e+04 1.081294e+00
2.961225e+00 2.683149e+04 1.081294e+00
2.988653e+00 2.688458e+04 1.081294e+00
3.016334e+00 2.693870e+04 1.081294e+00
3.044272e+00 2.699382e+04 1.081294e+00
3.072469e+00 2.704998e+04 1.081294e+00
3.100927e+00 2.710718e+04 1.081294e+00
3.129648e+00 2.716541e+04 1.081294e+00
3.158635e+00 2.722468e+04 1.081294e+00
3.187891e+00 2.728500e+04 1.081294e+00
3.217418e+00 2.734637e+04 1.081294e+00
3.247218e+00 2.740880e+04 1.081294e+00
3.277295e+00 2.747229e+04 1.081294e+00
3.307650e+00 2.753685e+04 1.081294e+00
3.338286e+00 2.760248e+04 1.081294e+00
3.369206e+00 2.766918e+04 1.081294e+00
3.400412e+00 2.773697e+04 1.081294e+00
3.431907e+00 2.780584e+04 1.081294e+00
3.463694e+00 2.787581e+04 1.081294e+00
3.495776e+00 2.794686e+04 1.081294e+00
3.528154e+00 2.801902e+04 1.081294e+00
3.560833e+00 2.809228e+04 1.081294e+00
3.593814e+00 2.816665e+04 1.081294e+00
3.627100e+00 2.824212e+04 1.081294e+00
3.660695e+00 2.831872e+04 1.081294e+00
3.694601e+00 2.839643e+04 1.081294e+00
3.728821e+00 2.847527e+04 1.081294e+00
3.763358e+00 2.855524e+04 1.081294e+00
3.798215e+00 2.863633e+04 1.081294e+00
3.833395e+00 2.871856e+04 1.081294e+00
3.868901e+00 2.880193e+04 1.081294e+00
3.904735e+00 2.888645e+04 1.081294e+00
3.940902e+00 2.897212e+04 1.081294e+00
3.977403e+00 2.905893e+04 1.081294e+00
4.014242e+00 2.914690e+04 1.081294e+00
4.051423e+00 2.923602e+04 1.081294e+00
4.088948e+00 2.932631e+04 1.081294e+00
4.126821e+00 2.941776e+04 1.081294e+00
4.165044e+00 2.951037e+04 1.081294e+00
4.203622e+00 2.960415e+04 1.081294e+00
4.242556e+00 2.969911e+04 1.081294e+00
4.281852e+00 2.979525e+04 1.081294e+00
4.321511e+00 2.989257e+04 1.081294e+00
4.361538e+00 2.999106e+04 1.081294e+00
4.401935e+00 3.009074e+04 1.081294e+00
4.442707e+00 3.019161e+04 1.081294e+00
4.483856e+00 3.029367e+04 1.081294e+00
4.525386e+00 3.039692e+04 1.081294e+00
4.567301e+00 3.050136e+04 1.081294e+00
4.609604e+00 3.060700e+04 1.081294e+00
4.652300e+00 3.071383e+04 1.081294e+00
4.695390e+00 3.082186e+04 1.081294e+00
4.738880e+00 3.093110e+04 1.081294e+00
4.782772e+00 3.104155e+04 1.081294e+00
4.827071e+00 3.115320e+04 1.081294e+00
4.871780e+00 3.126605e+04 1.081294e+00
4.916904e+00 3.138011e+04 1.081294e+00
4.962445e+00 3.149538e+04 1.081294e+00
5.008408e+00 3.161187e+04 1.081294e+00
5.054797e+00 3.172957e+04 1.081294e+00
5.101615e+00 3.184848e+04 1.081294e+00
5.148867e+00 3.196860e+04 1.081294e+00
5.196557e+00 3.208993e+04 1.081294e+00
5.244689e+00 3.221249e+04 1.081294e+00
5.293266e+00 3.233625e+04 1.081294e+00
5.342293e+00 3.246124e+04 1.081294e+00
5.391775e+00 3.258744e+04 1.081294e+00
5.441714e+00 3.271486e+04 1.081294e+00
5.492116e+00 3.284349e+04 1.081294e+00
5.542986e+00 3.297333e+04 1.081294e+00
5.594326e+00 3.310440e+04 1.081294e+00
5.646141e+00 3.323667e+04 1.081294e+00
5.698437e+00 3.337017e+04 1.081294e+00
5.751217e+00 3.350488e+04 1.081294e+00
5.804486e+00 3.364081e+04 1.081294e+00
5.858248e+00 3.377794e+04 1.081294e+00
5.912508e+00 3.391629e+04 1.081294e+00
5.967271e+00 3.405584e+04 1.081294e+00
6.022541e+00 3.419660e+04 1.081294e+00
6.078323e+00 3.433857e+04 1.081294e+00
6.134622e+00 3.448175e+04 1.081294e+00
6.191442e+00 3.462613e+04 1.081294e+00
6.248788e+00 3.477171e+04 1.081294e+00
6.306666e+00 3.491849e+04 1.081294e+00
6.365079e+00 3.506647e+04 1.081294e+00
6.424034e+00 3.521564e+04 1.081294e+00
6.483534e+00 3.536601e+04 1.081294e+00
6.543586e+00 3.551756e+04 1.081294e+00
6.604194e+00 3.567030e+04 1.081294e+00
6.665363e+00 3.582422e+04 1.081294e+00
6.727099e+00 3.597932e+04 1.081294e+00
6.789407e+00 3.613559e+04 1.081294e+00
6.852292e+00 3.629303e+04 1.081294e+00
6.915759e+00 3.645165e+04 1.081294e+00
6.979814e+00 3.661143e+04 1.081294e+00
7.044462e+00 3.677238e+04 1.081294e+00
7.109709e+00 3.693447e+04 1.081294e+00
7.175561e+00 3.709772e+04 1.081294e+00
7.242022e+00 3.726211e+04 1.081294e+00
7.309099e+00 3.742765e+04 1.081294e+00
7.376798e+00 3.759432e+04 1.081294e+00
7.445123e+00 3.776212e+04 1.081294e+00
7.514081e+00 3.793105e+04 1.081294e+00
7.583678e+00 3.810110e+04 1.081294e+00
7.653919e+00 3.827226e+04 1.081294e+00
7.724811e+00 3.844454e+04 1.081294e+00
7.796360e+00 3.861792e+04 1.081294e+00
7.868572e+00 3.879239e+04 1.081294e+00
7.941452e+00 3.896795e+04 1.081294e+00
8.015007e+00 3.914459e+04 1.081294e+00
8.089243e+00 3.932231e+04 1.081294e+00
8.164168e+00 3.950109e+04 1.081294e+00
8.239786e+00 3.968094e+04 1.081294e+00
8.316104e+00 3.986185e+04 1.081294e+00
8.393129e+00 4.004379e+04 1.081294e+00
8.470868e+00 4.022678e+04 1.081294e+00
8.549327e+00 4.041080e+04 1.081294e+00
8.628513e+00 4.059584e+04 1.081294e+00
8.708431e+00 4.078189e+04 1.081294e+00
8.789091e+00 4.096894e+04 1.081294e+00
8.870497e+00 4.115699e+04 1.081294e+00
8.952657e+00 4.134603e+04 1.081294e+00
9.035578e+00 4.153604e+04 1.081294e+00
9.119268e+00 4.172703e+04 1.081294e+00
9.203732e+00 4.191897e+04 1.081294e+00
9.288979e+00 4.211186e+04 1.081294e+00
9.375015e+00 4.230568e+04 1.081294e+00
9.461848e+00 4.250043e+04 1.081294e+00
9.549486e+00 4.269610e+04 1.081294e+00
9.637935e+00 4.289268e+04 1.081294e+00
9.727203e+00 4.309015e+04 1.081294e+00
9.817298e+00 4.328851e+04 1.081294e+00
9.908228e+00 4.348774e+04 1.081294e+00
1.000000e+01 4.368783e+04 1.081294e+00
