# t + a > Li7 + g   [t_a__Li7_g]   ref=Parthenope3.0 (Serpico et al 2004)
# Forward rate N_A<sigma v> [cm^3 mol^-1 s^-1] extracted from
# parthenope3.0.f (default PIS2020 nuclear-rate selection).
# error column = sqrt((1+drate_up)/(1+drate_lo)), the full Parthenope
# 1-sigma multiplicative envelope (statistical fp/fm + systematic floor).
# NOTE: lowest 8 T9 points (below the fit validity floor, where
#   the published polynomial extrapolates non-physically) are filled by
#   log-log extrapolation; this region is dynamically frozen for BBN.
# T9                 rate                error
1.000000e-03 1.037006e-46 5.650992e+00
1.009262e-03 1.294889e-46 5.650992e+00
1.018610e-03 1.616909e-46 5.650992e+00
1.028045e-03 2.019011e-46 5.650992e+00
1.037567e-03 2.521099e-46 5.650992e+00
1.047177e-03 3.148030e-46 5.650992e+00
1.056876e-03 3.930876e-46 5.650992e+00
1.066665e-03 4.908452e-46 5.650992e+00
1.076545e-03 6.129142e-46 5.650992e+00
1.086516e-03 7.653321e-46 5.650992e+00
1.096579e-03 9.556488e-46 5.650992e+00
1.106736e-03 1.193299e-45 5.650992e+00
1.116987e-03 1.490057e-45 5.650992e+00
1.127333e-03 1.860625e-45 5.650992e+00
1.137774e-03 2.323342e-45 5.650992e+00
1.148312e-03 2.901100e-45 5.650992e+00
1.158948e-03 3.622523e-45 5.650992e+00
1.169683e-03 4.523378e-45 5.650992e+00
1.180517e-03 5.648294e-45 5.650992e+00
1.191451e-03 7.052980e-45 5.650992e+00
1.202486e-03 8.806954e-45 5.650992e+00
1.213624e-03 1.099700e-44 5.650992e+00
1.224865e-03 1.373167e-44 5.650992e+00
1.236210e-03 1.714658e-44 5.650992e+00
1.247660e-03 2.141080e-44 5.650992e+00
1.259216e-03 2.673529e-44 5.650992e+00
1.270879e-03 3.338377e-44 5.650992e+00
1.282650e-03 4.168564e-44 5.650992e+00
1.294530e-03 5.205211e-44 5.650992e+00
1.306520e-03 6.499655e-44 5.650992e+00
1.318621e-03 8.116013e-44 5.650992e+00
1.330835e-03 1.013435e-43 5.650992e+00
1.343161e-03 1.265464e-43 5.650992e+00
1.355602e-03 1.580168e-43 5.650992e+00
1.368158e-03 1.973127e-43 5.650992e+00
1.380830e-03 2.463796e-43 5.650992e+00
1.393619e-03 3.076484e-43 5.650992e+00
1.406527e-03 3.841558e-43 5.650992e+00
1.419555e-03 4.796908e-43 5.650992e+00
1.432703e-03 5.989831e-43 5.650992e+00
1.445973e-03 7.479400e-43 5.650992e+00
1.459366e-03 9.339390e-43 5.650992e+00
1.472883e-03 1.166193e-42 5.650992e+00
1.486525e-03 1.456206e-42 5.650992e+00
1.500293e-03 1.818338e-42 5.650992e+00
1.514189e-03 2.270514e-42 5.650992e+00
1.528214e-03 2.835137e-42 5.650992e+00
1.542369e-03 3.540187e-42 5.650992e+00
1.556654e-03 4.420580e-42 5.650992e+00
1.571072e-03 5.519895e-42 5.650992e+00
1.585624e-03 6.892581e-42 5.650992e+00
1.600310e-03 8.606645e-42 5.650992e+00
1.615133e-03 1.074700e-41 5.650992e+00
1.630092e-03 1.341968e-41 5.650992e+00
1.645191e-03 1.675700e-41 5.650992e+00
1.660429e-03 2.092415e-41 5.650992e+00
1.675808e-03 2.612749e-41 5.650992e+00
1.691330e-03 3.262482e-41 5.650992e+00
1.706995e-03 4.073805e-41 5.650992e+00
1.722805e-03 5.086915e-41 5.650992e+00
1.738762e-03 6.351968e-41 5.650992e+00
1.754867e-03 7.931568e-41 5.650992e+00
1.771121e-03 9.903959e-41 5.650992e+00
1.787526e-03 1.236689e-40 5.650992e+00
1.804082e-03 1.544235e-40 5.650992e+00
1.820792e-03 1.928263e-40 5.650992e+00
1.837656e-03 2.407787e-40 5.650992e+00
1.854677e-03 3.006551e-40 5.650992e+00
1.871855e-03 3.754220e-40 5.650992e+00
1.889193e-03 4.687847e-40 5.650992e+00
1.906691e-03 5.853661e-40 5.650992e+00
1.924351e-03 7.309363e-40 5.650992e+00
1.942175e-03 9.127047e-40 5.650992e+00
1.960163e-03 1.139676e-39 5.650992e+00
1.978319e-03 1.423094e-39 5.650992e+00
1.996642e-03 1.776994e-39 5.650992e+00
2.015136e-03 2.218906e-39 5.650992e+00
2.033800e-03 2.770716e-39 5.650992e+00
2.052638e-03 3.459751e-39 5.650992e+00
2.071650e-03 4.320133e-39 5.650992e+00
2.090838e-03 5.394478e-39 5.650992e+00
2.110203e-03 6.736000e-39 5.650992e+00
2.129749e-03 8.411118e-39 5.650992e+00
2.149475e-03 1.050276e-38 5.650992e+00
2.169384e-03 1.311456e-38 5.650992e+00
2.189477e-03 1.637598e-38 5.650992e+00
2.209756e-03 2.044850e-38 5.650992e+00
2.230223e-03 2.553360e-38 5.650992e+00
2.250880e-03 3.188322e-38 5.650992e+00
2.271728e-03 3.981212e-38 5.650992e+00
2.292769e-03 4.971294e-38 5.650992e+00
2.314005e-03 6.207563e-38 5.650992e+00
2.335438e-03 7.751247e-38 5.650992e+00
2.357069e-03 9.678831e-38 5.650992e+00
2.378901e-03 1.208579e-37 5.650992e+00
2.400935e-03 1.509131e-37 5.650992e+00
2.423173e-03 1.884426e-37 5.650992e+00
2.445617e-03 2.353054e-37 5.650992e+00
2.468268e-03 2.938223e-37 5.650992e+00
2.491130e-03 3.668907e-37 5.650992e+00
2.514203e-03 4.581300e-37 5.650992e+00
2.537490e-03 5.720601e-37 5.650992e+00
2.560993e-03 7.143226e-37 5.650992e+00
2.584714e-03 8.919612e-37 5.650992e+00
2.608654e-03 1.113775e-36 5.650992e+00
2.632815e-03 1.390753e-36 5.650992e+00
2.657201e-03 1.736611e-36 5.650992e+00
2.681813e-03 2.168471e-36 5.650992e+00
2.706652e-03 2.707726e-36 5.650992e+00
2.731722e-03 3.381095e-36 5.650992e+00
2.757023e-03 4.221927e-36 5.650992e+00
2.782559e-03 5.271849e-36 5.650992e+00
2.808332e-03 6.582853e-36 5.650992e+00
2.834343e-03 8.219874e-36 5.650992e+00
2.860596e-03 1.026400e-35 5.650992e+00
2.887091e-03 1.281648e-35 5.650992e+00
2.913832e-03 1.600373e-35 5.650992e+00
2.940820e-03 1.998358e-35 5.650992e+00
2.968059e-03 2.495314e-35 5.650992e+00
2.995549e-03 3.115856e-35 5.650992e+00
3.023295e-03 3.890721e-35 5.650992e+00
3.051297e-03 4.858285e-35 5.650992e+00
3.079559e-03 6.066465e-35 5.650992e+00
3.108082e-03 7.575089e-35 5.650992e+00
3.136870e-03 9.458868e-35 5.650992e+00
3.165924e-03 1.181110e-34 5.650992e+00
3.195248e-03 1.474830e-34 5.650992e+00
3.224842e-03 1.841598e-34 5.650992e+00
3.254712e-03 2.299577e-34 5.650992e+00
3.284857e-03 2.871443e-34 5.650992e+00
3.315282e-03 3.585515e-34 5.650992e+00
3.345989e-03 4.477160e-34 5.650992e+00
3.376980e-03 5.590546e-34 5.650992e+00
3.408259e-03 6.980827e-34 5.650992e+00
3.439826e-03 8.716855e-34 5.650992e+00
3.471687e-03 1.088458e-33 5.650992e+00
3.503842e-03 1.359138e-33 5.650992e+00
3.536296e-03 1.697132e-33 5.650992e+00
3.569049e-03 2.119181e-33 5.650992e+00
3.602107e-03 2.646182e-33 5.650992e+00
3.635470e-03 3.304236e-33 5.650992e+00
3.669142e-03 4.125938e-33 5.650992e+00
3.703127e-03 5.151985e-33 5.650992e+00
3.737426e-03 6.433196e-33 5.650992e+00
3.772042e-03 8.033021e-33 5.650992e+00
3.806980e-03 1.003069e-32 5.650992e+00
3.842241e-03 1.252514e-32 5.650992e+00
3.877828e-03 1.563995e-32 5.650992e+00
3.913746e-03 1.952939e-32 5.650992e+00
3.949995e-03 2.438602e-32 5.650992e+00
3.986581e-03 3.045037e-32 5.650992e+00
4.023506e-03 3.802282e-32 5.650992e+00
4.060772e-03 4.747844e-32 5.650992e+00
4.098384e-03 5.928558e-32 5.650992e+00
4.136344e-03 7.402896e-32 5.650992e+00
4.174655e-03 9.243860e-32 5.650992e+00
4.213322e-03 1.154263e-31 5.650992e+00
4.252346e-03 1.441309e-31 5.650992e+00
4.291732e-03 1.799738e-31 5.650992e+00
4.331483e-03 2.247299e-31 5.650992e+00
4.371602e-03 2.806158e-31 5.650992e+00
4.412093e-03 3.503998e-31 5.650992e+00
4.452959e-03 4.375384e-31 5.650992e+00
4.494203e-03 5.463471e-31 5.650992e+00
4.535829e-03 6.822147e-31 5.650992e+00
4.577841e-03 8.518701e-31 5.650992e+00
4.620241e-03 1.063715e-30 5.650992e+00
4.663035e-03 1.328241e-30 5.650992e+00
4.706225e-03 1.658549e-30 5.650992e+00
4.749815e-03 2.071003e-30 5.650992e+00
4.793808e-03 2.586029e-30 5.650992e+00
4.838210e-03 3.229133e-30 5.650992e+00
4.883022e-03 4.032162e-30 5.650992e+00
4.928250e-03 5.034883e-30 5.650992e+00
4.973896e-03 6.286963e-30 5.650992e+00
5.019965e-03 7.850431e-30 5.650992e+00
5.066461e-03 9.802718e-30 5.650992e+00
5.113388e-03 1.224049e-29 5.650992e+00
5.160749e-03 1.528446e-29 5.650992e+00
5.208549e-03 1.908541e-29 5.650992e+00
5.256791e-03 2.383162e-29 5.650992e+00
5.305481e-03 2.975816e-29 5.650992e+00
5.354621e-03 3.715857e-29 5.650992e+00
5.404216e-03 4.639930e-29 5.650992e+00
5.454271e-03 5.793798e-29 5.650992e+00
5.504790e-03 7.234605e-29 5.650992e+00
5.555776e-03 9.033714e-29 5.650992e+00
5.607235e-03 1.128025e-28 5.650992e+00
5.659170e-03 1.408547e-28 5.650992e+00
5.711586e-03 1.758828e-28 5.650992e+00
5.764488e-03 2.196217e-28 5.650992e+00
5.817880e-03 2.742380e-28 5.650992e+00
5.871766e-03 3.424364e-28 5.650992e+00
5.926152e-03 4.275939e-28 5.650992e+00
5.981041e-03 5.339282e-28 5.650992e+00
6.036439e-03 6.667071e-28 5.650992e+00
6.092349e-03 8.325070e-28 5.650992e+00
6.148778e-03 1.039538e-27 5.650992e+00
6.205729e-03 1.298052e-27 5.650992e+00
6.263207e-03 1.620856e-27 5.650992e+00
6.321218e-03 2.023935e-27 5.650992e+00
6.379767e-03 2.527251e-27 5.650992e+00
6.438857e-03 3.155732e-27 5.650992e+00
6.498495e-03 3.940503e-27 5.650992e+00
6.558686e-03 4.920433e-27 5.650992e+00
6.619433e-03 6.144058e-27 5.650992e+00
6.680744e-03 7.671983e-27 5.650992e+00
6.742622e-03 9.579887e-27 5.650992e+00
6.805074e-03 1.196225e-26 5.650992e+00
6.868104e-03 1.493704e-26 5.650992e+00
6.931717e-03 1.865160e-26 5.650992e+00
6.995920e-03 2.328994e-26 5.650992e+00
7.060718e-03 2.908179e-26 5.650992e+00
7.126115e-03 3.631394e-26 5.650992e+00
7.192119e-03 4.534457e-26 5.650992e+00
7.258734e-03 5.662097e-26 5.650992e+00
7.325965e-03 7.070163e-26 5.650992e+00
7.393820e-03 8.828391e-26 5.650992e+00
7.462303e-03 1.102385e-25 5.650992e+00
7.531420e-03 1.376528e-25 5.650992e+00
7.601178e-03 1.718845e-25 5.650992e+00
7.671581e-03 2.146293e-25 5.650992e+00
7.742637e-03 2.680040e-25 5.650992e+00
7.814351e-03 3.346519e-25 5.650992e+00
7.886729e-03 4.178738e-25 5.650992e+00
7.959777e-03 5.217918e-25 5.650992e+00
8.033502e-03 6.515525e-25 5.650992e+00
8.107910e-03 8.135818e-25 5.650992e+00
8.183007e-03 1.015905e-24 5.650992e+00
8.258799e-03 1.268544e-24 5.650992e+00
8.335294e-03 1.584011e-24 5.650992e+00
8.412497e-03 1.977926e-24 5.650992e+00
8.490415e-03 2.469799e-24 5.650992e+00
8.569055e-03 3.083994e-24 5.650992e+00
8.648423e-03 3.850933e-24 5.650992e+00
8.728527e-03 4.808595e-24 5.650992e+00
8.809372e-03 6.004408e-24 5.650992e+00
8.890966e-03 7.497597e-24 5.650992e+00
8.973316e-03 9.362119e-24 5.650992e+00
9.056428e-03 1.169033e-23 5.650992e+00
9.140311e-03 1.459752e-23 5.650992e+00
9.224970e-03 1.822768e-23 5.650992e+00
9.310413e-03 2.276057e-23 5.650992e+00
9.396648e-03 2.842071e-23 5.650992e+00
9.483682e-03 3.548844e-23 5.650992e+00
9.571522e-03 4.431380e-23 5.650992e+00
9.660175e-03 5.533389e-23 5.650992e+00
9.749649e-03 6.909444e-23 5.650992e+00
9.839952e-03 8.627699e-23 5.650992e+00
9.931092e-03 1.077326e-22 5.650992e+00
1.002308e-02 1.345240e-22 5.650992e+00
1.011591e-02 1.679782e-22 5.650992e+00
1.020961e-02 2.097518e-22 5.650992e+00
1.030417e-02 2.619130e-22 5.650992e+00
1.039961e-02 3.270453e-22 5.650992e+00
1.049593e-02 4.083754e-22 5.650992e+00
1.059315e-02 5.099310e-22 5.650992e+00
1.069126e-02 6.367401e-22 5.650992e+00
1.079029e-02 7.950832e-22 5.650992e+00
1.089023e-02 9.928059e-22 5.650992e+00
1.099110e-02 1.239703e-21 5.650992e+00
1.109290e-02 1.548005e-21 5.650992e+00
1.119564e-02 1.932979e-21 5.650992e+00
1.129934e-02 2.413683e-21 5.650992e+00
1.140400e-02 3.013917e-21 5.650992e+00
1.150962e-02 3.763401e-21 5.650992e+00
1.161623e-02 4.699261e-21 5.650992e+00
1.172382e-02 5.867873e-21 5.650992e+00
1.183241e-02 7.327128e-21 5.650992e+00
1.194200e-02 9.149289e-21 5.650992e+00
1.205261e-02 1.142458e-20 5.650992e+00
1.216424e-02 1.426567e-20 5.650992e+00
1.227691e-02 1.781326e-20 5.650992e+00
1.239062e-02 2.224310e-20 5.650992e+00
1.250539e-02 2.777464e-20 5.650992e+00
1.262121e-02 3.468188e-20 5.650992e+00
1.273811e-02 4.330678e-20 5.650992e+00
1.285610e-02 5.407618e-20 5.650992e+00
1.297517e-02 6.752354e-20 5.650992e+00
1.309535e-02 8.431563e-20 5.650992e+00
1.321664e-02 1.052842e-19 5.650992e+00
1.333906e-02 1.314670e-19 5.650992e+00
1.346261e-02 1.641603e-19 5.650992e+00
1.358730e-02 2.049842e-19 5.650992e+00
1.371315e-02 2.559600e-19 5.650992e+00
1.384016e-02 3.196109e-19 5.650992e+00
1.396835e-02 3.990900e-19 5.650992e+00
1.409773e-02 4.983376e-19 5.650992e+00
1.422830e-02 6.222688e-19 5.650992e+00
1.436009e-02 7.770148e-19 5.650992e+00
1.449310e-02 9.702395e-19 5.650992e+00
1.462733e-02 1.211523e-18 5.650992e+00
1.476281e-02 1.512818e-18 5.650992e+00
1.489955e-02 1.889035e-18 5.650992e+00
1.503755e-02 2.358801e-18 5.650992e+00
1.517683e-02 2.945384e-18 5.650992e+00
1.531740e-02 3.677840e-18 5.650992e+00
1.545928e-02 4.592449e-18 5.650992e+00
1.560246e-02 5.734508e-18 5.650992e+00
1.574698e-02 7.160570e-18 5.650992e+00
1.589283e-02 8.941276e-18 5.650992e+00
1.604003e-02 1.116487e-17 5.650992e+00
1.618860e-02 1.394149e-17 5.650992e+00
1.633854e-02 1.740856e-17 5.650992e+00
1.648987e-02 2.173774e-17 5.650992e+00
1.664260e-02 2.714340e-17 5.650992e+00
1.679675e-02 3.389332e-17 5.650992e+00
1.695232e-02 4.232200e-17 5.650992e+00
1.710934e-02 5.284688e-17 5.650992e+00
1.726781e-02 6.598895e-17 5.650992e+00
1.742775e-02 8.239909e-17 5.650992e+00
1.758917e-02 1.028904e-16 5.650992e+00
1.775208e-02 1.284777e-16 5.650992e+00
1.791650e-02 1.604278e-16 5.650992e+00
1.808245e-02 2.003230e-16 5.650992e+00
1.824993e-02 2.501404e-16 5.650992e+00
1.841897e-02 3.123476e-16 5.650992e+00
1.858957e-02 3.900237e-16 5.650992e+00
1.876175e-02 4.870153e-16 5.650992e+00
1.893552e-02 6.081280e-16 5.650992e+00
1.911091e-02 7.593595e-16 5.650992e+00
1.928792e-02 9.481948e-16 5.650992e+00
1.946656e-02 1.183987e-15 5.650992e+00
1.964687e-02 1.478422e-15 5.650992e+00
1.982884e-02 1.846085e-15 5.650992e+00
2.001250e-02 2.305176e-15 5.650992e+00
2.019786e-02 2.878429e-15 5.650992e+00
2.038493e-02 3.594242e-15 5.650992e+00
2.057374e-02 4.488071e-15 5.650992e+00
2.076430e-02 5.604180e-15 5.650992e+00
2.095662e-02 6.997846e-15 5.650992e+00
2.115073e-02 8.738101e-15 5.650992e+00
2.134663e-02 1.091113e-14 5.650992e+00
2.154435e-02 1.362454e-14 5.650992e+00
2.174389e-02 1.701270e-14 5.650992e+00
2.194529e-02 2.124344e-14 5.650992e+00
2.214855e-02 2.652630e-14 5.650992e+00
2.235370e-02 3.312286e-14 5.650992e+00
2.256074e-02 4.135989e-14 5.650992e+00
2.276970e-02 5.164557e-14 5.650992e+00
2.298060e-02 6.448926e-14 5.650992e+00
2.319345e-02 8.052651e-14 5.650992e+00
2.340827e-02 1.005515e-13 5.650992e+00
2.362508e-02 1.255567e-13 5.650992e+00
2.384390e-02 1.567809e-13 5.650992e+00
2.406475e-02 1.957699e-13 5.650992e+00
2.428764e-02 2.444546e-13 5.650992e+00
2.451260e-02 3.052465e-13 5.650992e+00
2.473964e-02 3.811566e-13 5.650992e+00
2.496878e-02 4.759437e-13 5.650992e+00
2.520005e-02 5.943020e-13 5.650992e+00
2.543346e-02 7.420949e-13 5.650992e+00
2.566903e-02 9.266418e-13 5.650992e+00
2.590678e-02 1.157080e-12 5.650992e+00
2.614673e-02 1.444823e-12 5.650992e+00
2.638891e-02 1.804125e-12 5.650992e+00
2.663333e-02 2.252784e-12 5.650992e+00
2.688001e-02 2.813011e-12 5.650992e+00
2.712898e-02 3.512551e-12 5.650992e+00
2.738025e-02 4.386054e-12 5.650992e+00
2.763385e-02 5.476790e-12 5.650992e+00
2.788980e-02 6.838788e-12 5.650992e+00
2.814812e-02 8.539499e-12 5.650992e+00
2.840884e-02 1.066313e-11 5.650992e+00
2.867196e-02 1.331485e-11 5.650992e+00
2.893753e-02 1.662600e-11 5.650992e+00
2.920556e-02 2.076059e-11 5.650992e+00
2.947606e-02 2.592339e-11 5.650992e+00
2.974908e-02 3.237013e-11 5.650992e+00
3.002462e-02 4.042009e-11 5.650992e+00
3.030271e-02 5.047192e-11 5.650992e+00
3.058338e-02 6.302328e-11 5.650992e+00
3.086665e-02 7.869577e-11 5.650992e+00
3.115254e-02 9.826593e-11 5.650992e+00
3.144108e-02 1.227032e-10 5.650992e+00
3.173230e-02 1.532178e-10 5.650992e+00
3.202621e-02 1.913206e-10 5.650992e+00
3.232284e-02 2.388981e-10 5.650992e+00
3.262222e-02 2.983069e-10 5.650992e+00
3.292437e-02 3.724907e-10 5.650992e+00
3.322933e-02 4.651238e-10 5.650992e+00
3.353710e-02 5.807918e-10 5.650992e+00
3.384773e-02 7.252230e-10 5.650992e+00
3.416123e-02 9.055745e-10 5.650992e+00
3.447764e-02 1.130779e-09 5.650992e+00
3.479698e-02 1.411985e-09 5.650992e+00
3.511928e-02 1.763117e-09 5.650992e+00
3.544456e-02 2.201574e-09 5.650992e+00
3.577285e-02 2.749073e-09 5.650992e+00
3.610419e-02 3.432718e-09 5.650992e+00
3.643859e-02 4.286366e-09 5.650992e+00
3.677609e-02 5.352312e-09 5.650992e+00
3.711672e-02 6.683351e-09 5.650992e+00
3.746050e-02 8.345382e-09 5.650992e+00
3.780747e-02 1.042071e-08 5.650992e+00
3.815765e-02 1.301215e-08 5.650992e+00
3.851107e-02 1.624807e-08 5.650992e+00
3.886777e-02 2.028872e-08 5.650992e+00
3.922777e-02 2.533418e-08 5.650992e+00
3.959110e-02 3.163433e-08 5.650992e+00
3.995780e-02 3.950117e-08 5.650992e+00
4.032790e-02 4.932440e-08 5.650992e+00
4.070142e-02 6.159052e-08 5.650992e+00
4.107841e-02 7.690694e-08 5.650992e+00
4.145888e-02 9.603226e-08 5.650992e+00
4.184289e-02 1.199139e-07 5.650992e+00
4.223044e-02 1.497348e-07 5.650992e+00
4.262159e-02 1.869712e-07 5.650992e+00
4.301636e-02 2.334673e-07 5.650992e+00
4.341478e-02 2.915269e-07 5.650992e+00
4.381690e-02 3.640255e-07 5.650992e+00
4.422274e-02 4.545521e-07 5.650992e+00
4.463234e-02 5.675897e-07 5.650992e+00
4.504573e-02 7.087393e-07 5.650992e+00
4.546295e-02 8.849925e-07 5.650992e+00
4.588404e-02 1.105075e-06 5.650992e+00
4.630903e-02 1.379885e-06 5.650992e+00
4.673795e-02 1.723037e-06 5.650992e+00
4.717085e-02 2.151528e-06 5.650992e+00
4.760775e-02 2.686580e-06 5.650992e+00
4.804870e-02 3.354690e-06 5.650992e+00
4.849374e-02 4.188945e-06 5.650992e+00
4.894290e-02 5.230660e-06 5.650992e+00
4.939622e-02 6.531430e-06 5.650992e+00
4.985373e-02 8.155679e-06 5.650992e+00
5.031549e-02 1.018385e-05 5.650993e+00
5.078152e-02 1.271640e-05 5.650993e+00
5.125187e-02 1.587874e-05 5.650990e+00
5.172657e-02 1.982750e-05 5.650989e+00
5.220568e-02 2.475826e-05 5.651000e+00
5.268921e-02 3.091522e-05 5.651004e+00
5.317723e-02 3.860334e-05 5.650962e+00
5.366977e-02 4.820337e-05 5.650948e+00
5.416687e-02 6.019063e-05 5.651104e+00
5.466857e-02 7.515881e-05 5.651157e+00
5.517492e-02 9.384959e-05 5.650577e+00
5.568596e-02 1.171885e-04 5.650374e+00
5.620174e-02 1.463303e-04 5.652534e+00
5.672229e-02 1.827197e-04 5.653306e+00
5.724766e-02 2.281648e-04 5.645260e+00
5.777790e-02 2.849083e-04 5.642344e+00
5.831305e-02 3.557262e-04 5.672354e+00
5.885316e-02 4.441734e-04 5.683461e+00
5.939827e-02 5.548276e-04 5.572270e+00
5.994843e-02 6.928955e-04 5.531166e+00
6.050368e-02 8.640683e-04 5.953562e+00
6.106408e-02 1.078406e-03 6.122711e+00
6.162966e-02 1.353206e-03 4.564230e+00
6.220049e-02 1.692932e-03 2.709182e+00
6.277660e-02 2.071939e-03 1.915410e+00
6.335805e-02 2.472025e-03 1.745676e+00
6.394488e-02 2.904206e-03 1.668559e+00
6.453715e-02 3.376493e-03 1.546923e+00
6.513491e-02 3.885465e-03 1.450144e+00
6.573820e-02 4.429463e-03 1.392738e+00
6.634708e-02 5.010868e-03 1.349734e+00
6.696160e-02 5.631557e-03 1.311648e+00
6.758181e-02 6.291986e-03 1.281192e+00
6.820777e-02 6.992960e-03 1.258415e+00
6.883952e-02 7.735804e-03 1.240989e+00
6.947713e-02 8.521853e-03 1.227487e+00
7.012064e-02 9.352328e-03 1.217283e+00
7.077011e-02 1.022858e-02 1.209691e+00
7.142559e-02 1.115206e-02 1.203949e+00
7.208715e-02 1.212431e-02 1.199521e+00
7.275484e-02 1.314695e-02 1.196068e+00
7.342870e-02 1.422167e-02 1.193336e+00
7.410882e-02 1.535026e-02 1.191142e+00
7.479523e-02 1.653464e-02 1.189352e+00
7.548799e-02 1.777677e-02 1.187879e+00
7.618718e-02 1.907874e-02 1.186654e+00
7.689284e-02 2.044276e-02 1.185628e+00
7.760503e-02 2.187114e-02 1.184761e+00
7.832383e-02 2.336629e-02 1.184026e+00
7.904928e-02 2.493077e-02 1.183399e+00
7.978145e-02 2.656724e-02 1.182862e+00
8.052040e-02 2.827849e-02 1.182401e+00
8.126619e-02 3.006744e-02 1.182003e+00
8.201889e-02 3.193716e-02 1.181659e+00
8.277857e-02 3.389084e-02 1.181361e+00
8.354528e-02 3.593184e-02 1.181103e+00
8.431909e-02 3.806364e-02 1.180878e+00
8.510007e-02 4.028991e-02 1.180682e+00
8.588829e-02 4.261449e-02 1.180510e+00
8.668380e-02 4.504136e-02 1.180361e+00
8.748668e-02 4.757468e-02 1.180230e+00
8.829700e-02 5.021877e-02 1.180115e+00
8.911482e-02 5.297819e-02 1.180014e+00
8.994022e-02 5.585764e-02 1.179926e+00
9.077327e-02 5.886201e-02 1.179848e+00
9.161402e-02 6.199643e-02 1.179780e+00
9.246257e-02 6.526625e-02 1.179719e+00
9.331898e-02 6.867700e-02 1.179666e+00
9.418332e-02 7.223445e-02 1.179619e+00
9.505566e-02 7.594458e-02 1.179578e+00
9.593608e-02 7.981364e-02 1.179541e+00
9.682466e-02 8.384812e-02 1.179509e+00
9.772147e-02 8.805478e-02 1.179481e+00
9.862658e-02 9.244056e-02 1.179456e+00
9.954008e-02 9.701262e-02 1.179434e+00
1.004620e-01 1.017786e-01 1.179415e+00
1.013925e-01 1.067465e-01 1.179399e+00
1.023317e-01 1.119245e-01 1.179385e+00
1.032795e-01 1.173207e-01 1.179373e+00
1.042361e-01 1.229437e-01 1.179363e+00
1.052015e-01 1.288028e-01 1.179355e+00
1.061759e-01 1.349073e-01 1.179348e+00
1.071593e-01 1.412670e-01 1.179342e+00
1.081519e-01 1.478920e-01 1.179338e+00
1.091536e-01 1.547927e-01 1.179336e+00
1.101646e-01 1.619798e-01 1.179335e+00
1.111850e-01 1.694644e-01 1.179335e+00
1.122148e-01 1.772579e-01 1.179335e+00
1.132541e-01 1.853723e-01 1.179337e+00
1.143031e-01 1.938202e-01 1.179340e+00
1.153618e-01 2.026147e-01 1.179344e+00
1.164303e-01 2.117689e-01 1.179348e+00
1.175087e-01 2.212958e-01 1.179354e+00
1.185971e-01 2.312092e-01 1.179360e+00
1.196956e-01 2.415246e-01 1.179367e+00
1.208042e-01 2.522572e-01 1.179375e+00
1.219231e-01 2.634219e-01 1.179383e+00
1.230524e-01 2.750346e-01 1.179392e+00
1.241921e-01 2.871122e-01 1.179402e+00
1.253424e-01 2.996718e-01 1.179411e+00
1.265034e-01 3.127307e-01 1.179422e+00
1.276751e-01 3.263069e-01 1.179434e+00
1.288576e-01 3.404199e-01 1.179446e+00
1.300511e-01 3.550890e-01 1.179458e+00
1.312557e-01 3.703335e-01 1.179471e+00
1.324714e-01 3.861737e-01 1.179485e+00
1.336984e-01 4.026313e-01 1.179499e+00
1.349367e-01 4.197283e-01 1.179514e+00
1.361865e-01 4.374869e-01 1.179529e+00
1.374479e-01 4.559300e-01 1.179545e+00
1.387210e-01 4.750813e-01 1.179560e+00
1.400058e-01 4.949652e-01 1.179576e+00
1.413026e-01 5.156075e-01 1.179593e+00
1.426114e-01 5.370339e-01 1.179610e+00
1.439323e-01 5.592704e-01 1.179628e+00
1.452654e-01 5.823447e-01 1.179646e+00
1.466109e-01 6.062861e-01 1.179665e+00
1.479688e-01 6.311236e-01 1.179684e+00
1.493393e-01 6.568855e-01 1.179703e+00
1.507225e-01 6.836023e-01 1.179722e+00
1.521186e-01 7.113071e-01 1.179742e+00
1.535275e-01 7.400324e-01 1.179763e+00
1.549495e-01 7.698099e-01 1.179784e+00
1.563847e-01 8.006734e-01 1.179805e+00
1.578331e-01 8.326601e-01 1.179827e+00
1.592950e-01 8.658063e-01 1.179849e+00
1.607704e-01 9.001469e-01 1.179871e+00
1.622595e-01 9.357193e-01 1.179893e+00
1.637624e-01 9.725637e-01 1.179916e+00
1.652792e-01 1.010721e+00 1.179940e+00
1.668101e-01 1.050233e+00 1.179964e+00
1.683551e-01 1.091140e+00 1.179988e+00
1.699144e-01 1.133484e+00 1.180013e+00
1.714882e-01 1.177309e+00 1.180038e+00
1.730766e-01 1.222664e+00 1.180063e+00
1.746796e-01 1.269594e+00 1.180089e+00
1.762975e-01 1.318146e+00 1.180114e+00
1.779304e-01 1.368367e+00 1.180141e+00
1.795785e-01 1.420309e+00 1.180168e+00
1.812418e-01 1.474024e+00 1.180195e+00
1.829205e-01 1.529563e+00 1.180222e+00
1.846147e-01 1.586980e+00 1.180250e+00
1.863246e-01 1.646331e+00 1.180278e+00
1.880504e-01 1.707671e+00 1.180307e+00
1.897922e-01 1.771058e+00 1.180337e+00
1.915501e-01 1.836549e+00 1.180366e+00
1.933242e-01 1.904208e+00 1.180396e+00
1.951148e-01 1.974096e+00 1.180426e+00
1.969220e-01 2.046276e+00 1.180456e+00
1.987460e-01 2.120813e+00 1.180488e+00
2.005868e-01 2.197770e+00 1.180519e+00
2.024447e-01 2.277215e+00 1.180551e+00
2.043197e-01 2.359219e+00 1.180583e+00
2.062122e-01 2.443855e+00 1.180615e+00
2.081222e-01 2.531191e+00 1.180648e+00
2.100498e-01 2.621301e+00 1.180681e+00
2.119953e-01 2.714262e+00 1.180715e+00
2.139589e-01 2.810150e+00 1.180750e+00
2.159406e-01 2.909042e+00 1.180784e+00
2.179407e-01 3.011017e+00 1.180819e+00
2.199593e-01 3.116162e+00 1.180854e+00
2.219966e-01 3.224560e+00 1.180890e+00
2.240528e-01 3.336293e+00 1.180926e+00
2.261280e-01 3.451445e+00 1.180962e+00
2.282224e-01 3.570111e+00 1.180999e+00
2.303363e-01 3.692383e+00 1.181037e+00
2.324697e-01 3.818349e+00 1.181074e+00
2.346229e-01 3.948100e+00 1.181112e+00
2.367960e-01 4.081736e+00 1.181150e+00
2.389893e-01 4.219354e+00 1.181189e+00
2.412028e-01 4.361056e+00 1.181228e+00
2.434369e-01 4.506943e+00 1.181268e+00
2.456916e-01 4.657119e+00 1.181308e+00
2.479673e-01 4.811687e+00 1.181349e+00
2.502640e-01 4.970756e+00 1.181389e+00
2.525820e-01 5.134433e+00 1.181430e+00
2.549215e-01 5.302834e+00 1.181472e+00
2.572826e-01 5.476071e+00 1.181514e+00
2.596656e-01 5.654258e+00 1.181556e+00
2.620707e-01 5.837512e+00 1.181598e+00
2.644980e-01 6.025958e+00 1.181641e+00
2.669478e-01 6.219717e+00 1.181684e+00
2.694204e-01 6.418909e+00 1.181728e+00
2.719158e-01 6.623661e+00 1.181773e+00
2.744343e-01 6.834105e+00 1.181818e+00
2.769762e-01 7.050371e+00 1.181862e+00
2.795416e-01 7.272588e+00 1.181908e+00
2.821308e-01 7.500890e+00 1.181953e+00
2.847439e-01 7.735417e+00 1.181999e+00
2.873813e-01 7.976311e+00 1.182045e+00
2.900430e-01 8.223715e+00 1.182092e+00
2.927295e-01 8.477771e+00 1.182140e+00
2.954408e-01 8.738622e+00 1.182187e+00
2.981772e-01 9.006415e+00 1.182234e+00
3.009390e-01 9.281302e+00 1.182282e+00
3.037264e-01 9.563439e+00 1.182331e+00
3.065395e-01 9.852985e+00 1.182381e+00
3.093788e-01 1.015010e+01 1.182429e+00
3.122443e-01 1.045493e+01 1.182479e+00
3.151363e-01 1.076765e+01 1.182528e+00
3.180552e-01 1.108842e+01 1.182579e+00
3.210011e-01 1.141741e+01 1.182630e+00
3.239743e-01 1.175479e+01 1.182681e+00
3.269750e-01 1.210074e+01 1.182732e+00
3.300035e-01 1.245542e+01 1.182783e+00
3.330600e-01 1.281900e+01 1.182835e+00
3.361449e-01 1.319168e+01 1.182887e+00
3.392583e-01 1.357364e+01 1.182940e+00
3.424006e-01 1.396507e+01 1.182992e+00
3.455720e-01 1.436614e+01 1.183046e+00
3.487727e-01 1.477704e+01 1.183099e+00
3.520031e-01 1.519797e+01 1.183153e+00
3.552635e-01 1.562912e+01 1.183207e+00
3.585540e-01 1.607070e+01 1.183261e+00
3.618750e-01 1.652289e+01 1.183316e+00
3.652267e-01 1.698590e+01 1.183371e+00
3.686095e-01 1.745995e+01 1.183426e+00
3.720237e-01 1.794523e+01 1.183481e+00
3.754694e-01 1.844195e+01 1.183537e+00
3.789471e-01 1.895031e+01 1.183593e+00
3.824570e-01 1.947054e+01 1.183649e+00
3.859994e-01 2.000286e+01 1.183706e+00
3.895746e-01 2.054748e+01 1.183763e+00
3.931829e-01 2.110464e+01 1.183820e+00
3.968246e-01 2.167453e+01 1.183877e+00
4.005001e-01 2.225740e+01 1.183934e+00
4.042096e-01 2.285348e+01 1.183992e+00
4.079535e-01 2.346300e+01 1.184050e+00
4.117320e-01 2.408619e+01 1.184108e+00
4.155455e-01 2.472327e+01 1.184167e+00
4.193944e-01 2.537450e+01 1.184225e+00
4.232789e-01 2.604011e+01 1.184284e+00
4.271994e-01 2.672036e+01 1.184343e+00
4.311562e-01 2.741547e+01 1.184402e+00
4.351497e-01 2.812571e+01 1.184461e+00
4.391801e-01 2.885133e+01 1.184521e+00
4.432479e-01 2.959257e+01 1.184580e+00
4.473533e-01 3.034968e+01 1.184640e+00
4.514968e-01 3.112293e+01 1.184700e+00
4.556786e-01 3.191258e+01 1.184760e+00
4.598992e-01 3.271890e+01 1.184820e+00
4.641589e-01 3.354214e+01 1.184881e+00
4.684580e-01 3.438256e+01 1.184941e+00
4.727970e-01 3.524044e+01 1.185002e+00
4.771761e-01 3.611604e+01 1.185063e+00
4.815958e-01 3.700964e+01 1.185124e+00
4.860564e-01 3.792152e+01 1.185185e+00
4.905584e-01 3.885195e+01 1.185246e+00
4.951020e-01 3.980122e+01 1.185307e+00
4.996877e-01 4.076960e+01 1.185368e+00
5.043159e-01 4.175738e+01 1.185429e+00
5.089870e-01 4.276483e+01 1.185490e+00
5.137014e-01 4.379225e+01 1.185552e+00
5.184594e-01 4.483992e+01 1.185613e+00
5.232614e-01 4.590813e+01 1.185674e+00
5.281080e-01 4.699720e+01 1.185735e+00
5.329994e-01 4.810740e+01 1.185797e+00
5.379362e-01 4.923903e+01 1.185858e+00
5.429186e-01 5.039239e+01 1.185919e+00
5.479472e-01 5.156776e+01 1.185980e+00
5.530224e-01 5.276548e+01 1.186041e+00
5.581446e-01 5.398583e+01 1.186102e+00
5.633143e-01 5.522912e+01 1.186163e+00
5.685318e-01 5.649566e+01 1.186224e+00
5.737976e-01 5.778575e+01 1.186285e+00
5.791123e-01 5.909972e+01 1.186346e+00
5.844761e-01 6.043786e+01 1.186407e+00
5.898896e-01 6.180050e+01 1.186466e+00
5.953533e-01 6.318794e+01 1.186526e+00
6.008676e-01 6.460050e+01 1.186587e+00
6.064329e-01 6.603849e+01 1.186647e+00
6.120498e-01 6.750223e+01 1.186707e+00
6.177188e-01 6.899206e+01 1.186766e+00
6.234402e-01 7.050829e+01 1.186825e+00
6.292146e-01 7.205125e+01 1.186884e+00
6.350425e-01 7.362125e+01 1.186943e+00
6.409244e-01 7.521862e+01 1.187001e+00
6.468608e-01 7.684368e+01 1.187059e+00
6.528521e-01 7.849678e+01 1.187117e+00
6.588990e-01 8.017824e+01 1.187175e+00
6.650018e-01 8.188839e+01 1.187232e+00
6.711612e-01 8.362755e+01 1.187288e+00
6.773776e-01 8.539605e+01 1.187344e+00
6.836516e-01 8.719423e+01 1.187400e+00
6.899837e-01 8.902242e+01 1.187456e+00
6.963745e-01 9.088097e+01 1.187511e+00
7.028244e-01 9.277021e+01 1.187566e+00
7.093341e-01 9.469048e+01 1.187620e+00
7.159041e-01 9.664211e+01 1.187673e+00
7.225349e-01 9.862543e+01 1.187726e+00
7.292272e-01 1.006408e+02 1.187779e+00
7.359814e-01 1.026885e+02 1.187831e+00
7.427982e-01 1.047690e+02 1.187882e+00
7.496782e-01 1.068824e+02 1.187933e+00
7.566219e-01 1.090293e+02 1.187983e+00
7.636298e-01 1.112100e+02 1.188033e+00
7.707027e-01 1.134248e+02 1.188082e+00
7.778411e-01 1.156740e+02 1.188130e+00
7.850456e-01 1.179579e+02 1.188177e+00
7.923169e-01 1.202770e+02 1.188224e+00
7.996555e-01 1.226315e+02 1.188269e+00
8.070620e-01 1.250218e+02 1.188314e+00
8.145372e-01 1.274483e+02 1.188358e+00
8.220816e-01 1.299113e+02 1.188401e+00
8.296959e-01 1.324112e+02 1.188443e+00
8.373807e-01 1.349482e+02 1.188485e+00
8.451366e-01 1.375228e+02 1.188526e+00
8.529644e-01 1.401353e+02 1.188565e+00
8.608648e-01 1.427860e+02 1.188603e+00
8.688383e-01 1.454753e+02 1.188640e+00
8.768856e-01 1.482036e+02 1.188677e+00
8.850075e-01 1.509712e+02 1.188712e+00
8.932046e-01 1.537783e+02 1.188746e+00
9.014776e-01 1.566255e+02 1.188778e+00
9.098273e-01 1.595131e+02 1.188810e+00
9.182543e-01 1.624413e+02 1.188841e+00
9.267593e-01 1.654106e+02 1.188870e+00
9.353432e-01 1.684212e+02 1.188898e+00
9.440065e-01 1.714736e+02 1.188925e+00
9.527500e-01 1.745681e+02 1.188949e+00
9.615746e-01 1.777051e+02 1.188973e+00
9.704809e-01 1.808849e+02 1.188995e+00
9.794697e-01 1.841078e+02 1.189016e+00
9.885417e-01 1.873742e+02 1.189035e+00
9.976978e-01 1.906846e+02 1.189052e+00
1.006939e+00 1.940393e+02 1.189068e+00
1.016265e+00 1.974384e+02 1.189082e+00
1.025678e+00 2.008824e+02 1.189095e+00
1.035178e+00 2.043716e+02 1.189106e+00
1.044766e+00 2.079066e+02 1.189115e+00
1.054443e+00 2.114876e+02 1.189123e+00
1.064209e+00 2.151149e+02 1.189128e+00
1.074066e+00 2.187890e+02 1.189131e+00
1.084014e+00 2.225102e+02 1.189132e+00
1.094055e+00 2.262788e+02 1.189132e+00
1.104188e+00 2.300953e+02 1.189129e+00
1.114415e+00 2.339599e+02 1.189125e+00
1.124737e+00 2.378729e+02 1.189118e+00
1.135155e+00 2.418349e+02 1.189109e+00
1.145669e+00 2.458463e+02 1.189098e+00
1.156280e+00 2.499073e+02 1.189085e+00
1.166990e+00 2.540181e+02 1.189069e+00
1.177799e+00 2.581793e+02 1.189051e+00
1.188708e+00 2.623913e+02 1.189030e+00
1.199718e+00 2.666544e+02 1.189007e+00
1.210830e+00 2.709689e+02 1.188982e+00
1.222045e+00 2.753352e+02 1.188953e+00
1.233363e+00 2.797536e+02 1.188922e+00
1.244787e+00 2.842246e+02 1.188889e+00
1.256317e+00 2.887486e+02 1.188854e+00
1.267953e+00 2.933259e+02 1.188815e+00
1.279697e+00 2.979570e+02 1.188773e+00
1.291550e+00 3.026421e+02 1.188729e+00
1.303512e+00 3.073818e+02 1.188681e+00
1.315586e+00 3.121764e+02 1.188631e+00
1.327771e+00 3.170263e+02 1.188577e+00
1.340069e+00 3.219317e+02 1.188520e+00
1.352481e+00 3.268932e+02 1.188461e+00
1.365008e+00 3.319110e+02 1.188398e+00
1.377651e+00 3.369858e+02 1.188332e+00
1.390411e+00 3.421177e+02 1.188263e+00
1.403289e+00 3.473072e+02 1.188190e+00
1.416287e+00 3.525548e+02 1.188115e+00
1.429405e+00 3.578610e+02 1.188036e+00
1.442644e+00 3.632259e+02 1.187953e+00
1.456006e+00 3.686500e+02 1.187867e+00
1.469492e+00 3.741338e+02 1.187777e+00
1.483103e+00 3.796779e+02 1.187683e+00
1.496839e+00 3.852825e+02 1.187586e+00
1.510703e+00 3.909478e+02 1.187485e+00
1.524696e+00 3.966745e+02 1.187380e+00
1.538818e+00 4.024631e+02 1.187272e+00
1.553071e+00 4.083140e+02 1.187160e+00
1.567455e+00 4.142276e+02 1.187044e+00
1.581973e+00 4.202044e+02 1.186924e+00
1.596626e+00 4.262447e+02 1.186800e+00
1.611414e+00 4.323491e+02 1.186672e+00
1.626340e+00 4.385178e+02 1.186540e+00
1.641403e+00 4.447516e+02 1.186404e+00
1.656606e+00 4.510509e+02 1.186264e+00
1.671950e+00 4.574162e+02 1.186120e+00
1.687436e+00 4.638478e+02 1.185971e+00
1.703065e+00 4.703463e+02 1.185818e+00
1.718839e+00 4.769123e+02 1.185661e+00
1.734759e+00 4.835461e+02 1.185500e+00
1.750827e+00 4.902482e+02 1.185334e+00
1.767044e+00 4.970192e+02 1.185165e+00
1.783410e+00 5.038597e+02 1.184991e+00
1.799929e+00 5.107700e+02 1.184812e+00
1.816600e+00 5.177506e+02 1.184629e+00
1.833425e+00 5.248021e+02 1.184442e+00
1.850407e+00 5.319252e+02 1.184251e+00
1.867546e+00 5.391205e+02 1.184055e+00
1.884843e+00 5.463883e+02 1.183855e+00
1.902301e+00 5.537293e+02 1.183651e+00
1.919921e+00 5.611439e+02 1.183442e+00
1.937703e+00 5.686328e+02 1.183229e+00
1.955651e+00 5.761966e+02 1.183011e+00
1.973764e+00 5.838358e+02 1.182790e+00
1.992046e+00 5.915512e+02 1.182564e+00
2.010496e+00 5.993431e+02 1.182334e+00
2.029118e+00 6.072119e+02 1.182099e+00
2.047912e+00 6.151586e+02 1.181861e+00
2.066880e+00 6.231839e+02 1.181618e+00
2.086024e+00 6.312883e+02 1.181371e+00
2.105345e+00 6.394724e+02 1.181120e+00
2.124845e+00 6.477368e+02 1.180865e+00
2.144526e+00 6.560820e+02 1.180606e+00
2.164389e+00 6.645087e+02 1.180344e+00
2.184436e+00 6.730180e+02 1.180078e+00
2.204669e+00 6.816103e+02 1.179808e+00
2.225089e+00 6.902863e+02 1.179535e+00
2.245698e+00 6.990459e+02 1.179258e+00
2.266498e+00 7.078902e+02 1.178978e+00
2.287491e+00 7.168225e+02 1.178694e+00
2.308678e+00 7.258427e+02 1.178407e+00
2.330061e+00 7.349410e+02 1.178118e+00
2.351643e+00 7.441205e+02 1.177826e+00
2.373424e+00 7.534231e+02 1.177530e+00
2.395407e+00 7.628406e+02 1.177231e+00
2.417594e+00 7.722162e+02 1.176934e+00
2.439986e+00 7.815836e+02 1.176637e+00
2.462586e+00 7.915443e+02 1.176323e+00
2.485395e+00 8.015822e+02 1.176007e+00
2.508415e+00 8.079655e+02 1.175808e+00
2.531648e+00 8.086140e+02 1.175787e+00
2.555097e+00 8.072579e+02 1.175830e+00
2.578763e+00 8.070820e+02 1.175835e+00
2.602648e+00 8.074452e+02 1.175824e+00
2.626754e+00 8.074930e+02 1.175822e+00
2.651084e+00 8.073956e+02 1.175825e+00
2.675638e+00 8.073826e+02 1.175826e+00
2.700421e+00 8.074087e+02 1.175825e+00
2.725433e+00 8.074123e+02 1.175825e+00
2.750676e+00 8.074053e+02 1.175825e+00
2.776153e+00 8.074043e+02 1.175825e+00
2.801867e+00 8.074062e+02 1.175825e+00
2.827818e+00 8.074065e+02 1.175825e+00
2.854010e+00 8.074059e+02 1.175825e+00
2.880444e+00 8.074059e+02 1.175825e+00
2.907123e+00 8.074060e+02 1.175825e+00
2.934050e+00 8.074060e+02 1.175825e+00
2.961225e+00 8.074060e+02 1.175825e+00
2.988653e+00 8.074060e+02 1.175825e+00
3.016334e+00 8.074060e+02 1.175825e+00
3.044272e+00 8.074060e+02 1.175825e+00
3.072469e+00 8.074060e+02 1.175825e+00
3.100927e+00 8.074060e+02 1.175825e+00
3.129648e+00 8.074060e+02 1.175825e+00
3.158635e+00 8.074060e+02 1.175825e+00
3.187891e+00 8.074060e+02 1.175825e+00
3.217418e+00 8.074060e+02 1.175825e+00
3.247218e+00 8.074060e+02 1.175825e+00
3.277295e+00 8.074060e+02 1.175825e+00
3.307650e+00 8.074060e+02 1.175825e+00
3.338286e+00 8.074060e+02 1.175825e+00
3.369206e+00 8.074060e+02 1.175825e+00
3.400412e+00 8.074060e+02 1.175825e+00
3.431907e+00 8.074060e+02 1.175825e+00
3.463694e+00 8.074060e+02 1.175825e+00
3.495776e+00 8.074060e+02 1.175825e+00
3.528154e+00 8.074060e+02 1.175825e+00
3.560833e+00 8.074060e+02 1.175825e+00
3.593814e+00 8.074060e+02 1.175825e+00
3.627100e+00 8.074060e+02 1.175825e+00
3.660695e+00 8.074060e+02 1.175825e+00
3.694601e+00 8.074060e+02 1.175825e+00
3.728821e+00 8.074060e+02 1.175825e+00
3.763358e+00 8.074060e+02 1.175825e+00
3.798215e+00 8.074060e+02 1.175825e+00
3.833395e+00 8.074060e+02 1.175825e+00
3.868901e+00 8.074060e+02 1.175825e+00
3.904735e+00 8.074060e+02 1.175825e+00
3.940902e+00 8.074060e+02 1.175825e+00
3.977403e+00 8.074060e+02 1.175825e+00
4.014242e+00 8.074060e+02 1.175825e+00
4.051423e+00 8.074060e+02 1.175825e+00
4.088948e+00 8.074060e+02 1.175825e+00
4.126821e+00 8.074060e+02 1.175825e+00
4.165044e+00 8.074060e+02 1.175825e+00
4.203622e+00 8.074060e+02 1.175825e+00
4.242556e+00 8.074060e+02 1.175825e+00
4.281852e+00 8.074060e+02 1.175825e+00
4.321511e+00 8.074060e+02 1.175825e+00
4.361538e+00 8.074060e+02 1.175825e+00
4.401935e+00 8.074060e+02 1.175825e+00
4.442707e+00 8.074060e+02 1.175825e+00
4.483856e+00 8.074060e+02 1.175825e+00
4.525386e+00 8.074060e+02 1.175825e+00
4.567301e+00 8.074060e+02 1.175825e+00
4.609604e+00 8.074060e+02 1.175825e+00
4.652300e+00 8.074060e+02 1.175825e+00
4.695390e+00 8.074060e+02 1.175825e+00
4.738880e+00 8.074060e+02 1.175825e+00
4.782772e+00 8.074060e+02 1.175825e+00
4.827071e+00 8.074060e+02 1.175825e+00
4.871780e+00 8.074060e+02 1.175825e+00
4.916904e+00 8.074060e+02 1.175825e+00
4.962445e+00 8.074060e+02 1.175825e+00
5.008408e+00 8.074060e+02 1.175825e+00
5.054797e+00 8.074060e+02 1.175825e+00
5.101615e+00 8.074060e+02 1.175825e+00
5.148867e+00 8.074060e+02 1.175825e+00
5.196557e+00 8.074060e+02 1.175825e+00
5.244689e+00 8.074060e+02 1.175825e+00
5.293266e+00 8.074060e+02 1.175825e+00
5.342293e+00 8.074060e+02 1.175825e+00
5.391775e+00 8.074060e+02 1.175825e+00
5.441714e+00 8.074060e+02 1.175825e+00
5.492116e+00 8.074060e+02 1.175825e+00
5.542986e+00 8.074060e+02 1.175825e+00
5.594326e+00 8.074060e+02 1.175825e+00
5.646141e+00 8.074060e+02 1.175825e+00
5.698437e+00 8.074060e+02 1.175825e+00
5.751217e+00 8.074060e+02 1.175825e+00
5.804486e+00 8.074060e+02 1.175825e+00
5.858248e+00 8.074060e+02 1.175825e+00
5.912508e+00 8.074060e+02 1.175825e+00
5.967271e+00 8.074060e+02 1.175825e+00
6.022541e+00 8.074060e+02 1.175825e+00
6.078323e+00 8.074060e+02 1.175825e+00
6.134622e+00 8.074060e+02 1.175825e+00
6.191442e+00 8.074060e+02 1.175825e+00
6.248788e+00 8.074060e+02 1.175825e+00
6.306666e+00 8.074060e+02 1.175825e+00
6.365079e+00 8.074060e+02 1.175825e+00
6.424034e+00 8.074060e+02 1.175825e+00
6.483534e+00 8.074060e+02 1.175825e+00
6.543586e+00 8.074060e+02 1.175825e+00
6.604194e+00 8.074060e+02 1.175825e+00
6.665363e+00 8.074060e+02 1.175825e+00
6.727099e+00 8.074060e+02 1.175825e+00
6.789407e+00 8.074060e+02 1.175825e+00
6.852292e+00 8.074060e+02 1.175825e+00
6.915759e+00 8.074060e+02 1.175825e+00
6.979814e+00 8.074060e+02 1.175825e+00
7.044462e+00 8.074060e+02 1.175825e+00
7.109709e+00 8.074060e+02 1.175825e+00
7.175561e+00 8.074060e+02 1.175825e+00
7.242022e+00 8.074060e+02 1.175825e+00
7.309099e+00 8.074060e+02 1.175825e+00
7.376798e+00 8.074060e+02 1.175825e+00
7.445123e+00 8.074060e+02 1.175825e+00
7.514081e+00 8.074060e+02 1.175825e+00
7.583678e+00 8.074060e+02 1.175825e+00
7.653919e+00 8.074060e+02 1.175825e+00
7.724811e+00 8.074060e+02 1.175825e+00
7.796360e+00 8.074060e+02 1.175825e+00
7.868572e+00 8.074060e+02 1.175825e+00
7.941452e+00 8.074060e+02 1.175825e+00
8.015007e+00 8.074060e+02 1.175825e+00
8.089243e+00 8.074060e+02 1.175825e+00
8.164168e+00 8.074060e+02 1.175825e+00
8.239786e+00 8.074060e+02 1.175825e+00
8.316104e+00 8.074060e+02 1.175825e+00
8.393129e+00 8.074060e+02 1.175825e+00
8.470868e+00 8.074060e+02 1.175825e+00
8.549327e+00 8.074060e+02 1.175825e+00
8.628513e+00 8.074060e+02 1.175825e+00
8.708431e+00 8.074060e+02 1.175825e+00
8.789091e+00 8.074060e+02 1.175825e+00
8.870497e+00 8.074060e+02 1.175825e+00
8.952657e+00 8.074060e+02 1.175825e+00
9.035578e+00 8.074060e+02 1.175825e+00
9.119268e+00 8.074060e+02 1.175825e+00
9.203732e+00 8.074060e+02 1.175825e+00
9.288979e+00 8.074060e+02 1.175825e+00
9.375015e+00 8.074060e+02 1.175825e+00
9.461848e+00 8.074060e+02 1.175825e+00
9.549486e+00 8.074060e+02 1.175825e+00
9.637935e+00 8.074060e+02 1.175825e+00
9.727203e+00 8.074060e+02 1.175825e+00
9.817298e+00 8.074060e+02 1.175825e+00
9.908228e+00 8.074060e+02 1.175825e+00
1.000000e+01 8.074060e+02 1.175825e+00
