# t + d > a + n   [t_d__a_n]   ref=Parthenope3.0 (Serpico et al 2004)
# Forward rate N_A<sigma v> [cm^3 mol^-1 s^-1] extracted from
# parthenope3.0.f (default PIS2020 nuclear-rate selection).
# error column = sqrt((1+drate_up)/(1+drate_lo)), the full Parthenope
# 1-sigma multiplicative envelope (statistical fp/fm + systematic floor).
# NOTE: lowest 200 T9 points (below the fit validity floor, where
#   the published polynomial extrapolates non-physically) are filled by
#   log-log extrapolation; this region is dynamically frozen for BBN.
# T9                 rate                error
1.000000e-03 6.453241e-25 2.040402e+00
1.009262e-03 7.668394e-25 2.040402e+00
1.018610e-03 9.112394e-25 2.040402e+00
1.028045e-03 1.082831e-24 2.040402e+00
1.037567e-03 1.286730e-24 2.040402e+00
1.047177e-03 1.529018e-24 2.040402e+00
1.056876e-03 1.816932e-24 2.040402e+00
1.066665e-03 2.159078e-24 2.040402e+00
1.076545e-03 2.565654e-24 2.040402e+00
1.086516e-03 3.048766e-24 2.040402e+00
1.096579e-03 3.622835e-24 2.040402e+00
1.106736e-03 4.305018e-24 2.040402e+00
1.116987e-03 5.115683e-24 2.040402e+00
1.127333e-03 6.079026e-24 2.040402e+00
1.137774e-03 7.223756e-24 2.040402e+00
1.148312e-03 8.583977e-24 2.040402e+00
1.158948e-03 1.020031e-23 2.040402e+00
1.169683e-03 1.212105e-23 2.040402e+00
1.180517e-03 1.440354e-23 2.040402e+00
1.191451e-03 1.711588e-23 2.040402e+00
1.202486e-03 2.033890e-23 2.040402e+00
1.213624e-03 2.416863e-23 2.040402e+00
1.224865e-03 2.871952e-23 2.040402e+00
1.236210e-03 3.412763e-23 2.040402e+00
1.247660e-03 4.055422e-23 2.040402e+00
1.259216e-03 4.819071e-23 2.040402e+00
1.270879e-03 5.726501e-23 2.040402e+00
1.282650e-03 6.804811e-23 2.040402e+00
1.294530e-03 8.086178e-23 2.040402e+00
1.306520e-03 9.608829e-23 2.040402e+00
1.318621e-03 1.141821e-22 2.040402e+00
1.330835e-03 1.356834e-22 2.040402e+00
1.343161e-03 1.612335e-22 2.040402e+00
1.355602e-03 1.915948e-22 2.040402e+00
1.368158e-03 2.276726e-22 2.040402e+00
1.380830e-03 2.705430e-22 2.040402e+00
1.393619e-03 3.214860e-22 2.040402e+00
1.406527e-03 3.820233e-22 2.040402e+00
1.419555e-03 4.539612e-22 2.040402e+00
1.432703e-03 5.394447e-22 2.040402e+00
1.445973e-03 6.410242e-22 2.040402e+00
1.459366e-03 7.617309e-22 2.040402e+00
1.472883e-03 9.051674e-22 2.040402e+00
1.486525e-03 1.075614e-21 2.040402e+00
1.500293e-03 1.278155e-21 2.040402e+00
1.514189e-03 1.518829e-21 2.040402e+00
1.528214e-03 1.804823e-21 2.040402e+00
1.542369e-03 2.144678e-21 2.040402e+00
1.556654e-03 2.548533e-21 2.040402e+00
1.571072e-03 3.028427e-21 2.040402e+00
1.585624e-03 3.598684e-21 2.040402e+00
1.600310e-03 4.276328e-21 2.040402e+00
1.615133e-03 5.081588e-21 2.040402e+00
1.630092e-03 6.038499e-21 2.040402e+00
1.645191e-03 7.175596e-21 2.040402e+00
1.660429e-03 8.526777e-21 2.040402e+00
1.675808e-03 1.013236e-20 2.040402e+00
1.691330e-03 1.204028e-20 2.040402e+00
1.706995e-03 1.430751e-20 2.040402e+00
1.722805e-03 1.700173e-20 2.040402e+00
1.738762e-03 2.020328e-20 2.040402e+00
1.754867e-03 2.400756e-20 2.040402e+00
1.771121e-03 2.852815e-20 2.040402e+00
1.787526e-03 3.390007e-20 2.040402e+00
1.804082e-03 4.028364e-20 2.040402e+00
1.820792e-03 4.786926e-20 2.040402e+00
1.837656e-03 5.688319e-20 2.040402e+00
1.854677e-03 6.759429e-20 2.040402e+00
1.871855e-03 8.032239e-20 2.040402e+00
1.889193e-03 9.544765e-20 2.040402e+00
1.906691e-03 1.134212e-19 2.040402e+00
1.924351e-03 1.347788e-19 2.040402e+00
1.942175e-03 1.601577e-19 2.040402e+00
1.960163e-03 1.903156e-19 2.040402e+00
1.978319e-03 2.261527e-19 2.040402e+00
1.996642e-03 2.687383e-19 2.040402e+00
2.015136e-03 3.193433e-19 2.040402e+00
2.033800e-03 3.794773e-19 2.040402e+00
2.052638e-03 4.509347e-19 2.040402e+00
2.071650e-03 5.358476e-19 2.040402e+00
2.090838e-03 6.367499e-19 2.040402e+00
2.110203e-03 7.566529e-19 2.040402e+00
2.129749e-03 8.991325e-19 2.040402e+00
2.149475e-03 1.068437e-18 2.040402e+00
2.169384e-03 1.269624e-18 2.040402e+00
2.189477e-03 1.508703e-18 2.040402e+00
2.209756e-03 1.792803e-18 2.040402e+00
2.230223e-03 2.130389e-18 2.040402e+00
2.250880e-03 2.531539e-18 2.040402e+00
2.271728e-03 3.008243e-18 2.040402e+00
2.292769e-03 3.574719e-18 2.040402e+00
2.314005e-03 4.247848e-18 2.040402e+00
2.335438e-03 5.047718e-18 2.040402e+00
2.357069e-03 5.998213e-18 2.040402e+00
2.378901e-03 7.127697e-18 2.040402e+00
2.400935e-03 8.469866e-18 2.040402e+00
2.423173e-03 1.006477e-17 2.040402e+00
2.445617e-03 1.196002e-17 2.040402e+00
2.468268e-03 1.421215e-17 2.040402e+00
2.491130e-03 1.688835e-17 2.040402e+00
2.514203e-03 2.006848e-17 2.040402e+00
2.537490e-03 2.384748e-17 2.040402e+00
2.560993e-03 2.833808e-17 2.040402e+00
2.584714e-03 3.367420e-17 2.040402e+00
2.608654e-03 4.001512e-17 2.040402e+00
2.632815e-03 4.755016e-17 2.040402e+00
2.657201e-03 5.650408e-17 2.040402e+00
2.681813e-03 6.714388e-17 2.040402e+00
2.706652e-03 7.978714e-17 2.040402e+00
2.731722e-03 9.481146e-17 2.040402e+00
2.757023e-03 1.126651e-16 2.040402e+00
2.782559e-03 1.338803e-16 2.040402e+00
2.808332e-03 1.590902e-16 2.040402e+00
2.834343e-03 1.890470e-16 2.040402e+00
2.860596e-03 2.246450e-16 2.040402e+00
2.887091e-03 2.669465e-16 2.040402e+00
2.913832e-03 3.172137e-16 2.040402e+00
2.940820e-03 3.769461e-16 2.040402e+00
2.968059e-03 4.479261e-16 2.040402e+00
2.995549e-03 5.322723e-16 2.040402e+00
3.023295e-03 6.325017e-16 2.040402e+00
3.051297e-03 7.516052e-16 2.040402e+00
3.079559e-03 8.931360e-16 2.040402e+00
3.108082e-03 1.061316e-15 2.040402e+00
3.136870e-03 1.261165e-15 2.040402e+00
3.165924e-03 1.498644e-15 2.040402e+00
3.195248e-03 1.780843e-15 2.040402e+00
3.224842e-03 2.116185e-15 2.040402e+00
3.254712e-03 2.514675e-15 2.040402e+00
3.284857e-03 2.988197e-15 2.040402e+00
3.315282e-03 3.550879e-15 2.040402e+00
3.345989e-03 4.219515e-15 2.040402e+00
3.376980e-03 5.014060e-15 2.040402e+00
3.408259e-03 5.958231e-15 2.040402e+00
3.439826e-03 7.080198e-15 2.040402e+00
3.471687e-03 8.413423e-15 2.040402e+00
3.503842e-03 9.997691e-15 2.040402e+00
3.536296e-03 1.188029e-14 2.040402e+00
3.569049e-03 1.411740e-14 2.040402e+00
3.602107e-03 1.677574e-14 2.040402e+00
3.635470e-03 1.993465e-14 2.040402e+00
3.669142e-03 2.368840e-14 2.040402e+00
3.703127e-03 2.814900e-14 2.040402e+00
3.737426e-03 3.344956e-14 2.040402e+00
3.772042e-03 3.974822e-14 2.040402e+00
3.806980e-03 4.723293e-14 2.040402e+00
3.842241e-03 5.612705e-14 2.040402e+00
3.877828e-03 6.669606e-14 2.040402e+00
3.913746e-03 7.925530e-14 2.040402e+00
3.949995e-03 9.417939e-14 2.040402e+00
3.986581e-03 1.119136e-13 2.040402e+00
4.023506e-03 1.329873e-13 2.040402e+00
4.060772e-03 1.580292e-13 2.040402e+00
4.098384e-03 1.877869e-13 2.040402e+00
4.136344e-03 2.231480e-13 2.040402e+00
4.174655e-03 2.651674e-13 2.040402e+00
4.213322e-03 3.150990e-13 2.040402e+00
4.252346e-03 3.744333e-13 2.040402e+00
4.291732e-03 4.449405e-13 2.040402e+00
4.331483e-03 5.287238e-13 2.040402e+00
4.371602e-03 6.282835e-13 2.040402e+00
4.412093e-03 7.465910e-13 2.040402e+00
4.452959e-03 8.871770e-13 2.040402e+00
4.494203e-03 1.054236e-12 2.040402e+00
4.535829e-03 1.252754e-12 2.040402e+00
4.577841e-03 1.488652e-12 2.040402e+00
4.620241e-03 1.768970e-12 2.040402e+00
4.663035e-03 2.102071e-12 2.040402e+00
4.706225e-03 2.497896e-12 2.040402e+00
4.749815e-03 2.968260e-12 2.040402e+00
4.793808e-03 3.527197e-12 2.040402e+00
4.838210e-03 4.191384e-12 2.040402e+00
4.883022e-03 4.980636e-12 2.040402e+00
4.928250e-03 5.918500e-12 2.040402e+00
4.973896e-03 7.032967e-12 2.040402e+00
5.019965e-03 8.357308e-12 2.040402e+00
5.066461e-03 9.931036e-12 2.040402e+00
5.113388e-03 1.180109e-11 2.040402e+00
5.160749e-03 1.402326e-11 2.040402e+00
5.208549e-03 1.666386e-11 2.040402e+00
5.256791e-03 1.980172e-11 2.040402e+00
5.305481e-03 2.353048e-11 2.040402e+00
5.354621e-03 2.796139e-11 2.040402e+00
5.404216e-03 3.322664e-11 2.040402e+00
5.454271e-03 3.948331e-11 2.040402e+00
5.504790e-03 4.691810e-11 2.040402e+00
5.555776e-03 5.575289e-11 2.040402e+00
5.607235e-03 6.625139e-11 2.040402e+00
5.659170e-03 7.872684e-11 2.040402e+00
5.711586e-03 9.355137e-11 2.040402e+00
5.764488e-03 1.111674e-10 2.040402e+00
5.817880e-03 1.321006e-10 2.040402e+00
5.871766e-03 1.569757e-10 2.040402e+00
5.926152e-03 1.865346e-10 2.040402e+00
5.981041e-03 2.216595e-10 2.040402e+00
6.036439e-03 2.633988e-10 2.040402e+00
6.092349e-03 3.129981e-10 2.040402e+00
6.148778e-03 3.719369e-10 2.040402e+00
6.205729e-03 4.419738e-10 2.040402e+00
6.263207e-03 5.251990e-10 2.040402e+00
6.321218e-03 6.240959e-10 2.040402e+00
6.379767e-03 7.416152e-10 2.040402e+00
6.438857e-03 8.812634e-10 2.040402e+00
6.498495e-03 1.047208e-09 2.040402e+00
6.558686e-03 1.244399e-09 2.040402e+00
6.619433e-03 1.478724e-09 2.040402e+00
6.680744e-03 1.757174e-09 2.040402e+00
6.742622e-03 2.088058e-09 2.040402e+00
6.805074e-03 2.481247e-09 2.040402e+00
6.868104e-03 2.948473e-09 2.040402e+00
6.931717e-03 3.503678e-09 2.040402e+00
6.995920e-03 4.163435e-09 2.040402e+00
7.060718e-03 4.947430e-09 2.040402e+00
7.126115e-03 5.879050e-09 2.040402e+00
7.192119e-03 6.986093e-09 2.040402e+00
7.258734e-03 8.301597e-09 2.040402e+00
7.325965e-03 9.864819e-09 2.040402e+00
7.393820e-03 1.172240e-08 2.040402e+00
7.462303e-03 1.392977e-08 2.040402e+00
7.531420e-03 1.655277e-08 2.040402e+00
7.601178e-03 1.966970e-08 2.040402e+00
7.671581e-03 2.337358e-08 2.040402e+00
7.742637e-03 2.777493e-08 2.040402e+00
7.814351e-03 3.300504e-08 2.040402e+00
7.886729e-03 3.921997e-08 2.040402e+00
7.959777e-03 4.660523e-08 2.040402e+00
8.033502e-03 5.538118e-08 2.040402e+00
8.107910e-03 6.580963e-08 2.040402e+00
8.183007e-03 7.820179e-08 2.040402e+00
8.258799e-03 9.292751e-08 2.040402e+00
8.335294e-03 1.104262e-07 2.040402e+00
8.412497e-03 1.312198e-07 2.040402e+00
8.490415e-03 1.559287e-07 2.040402e+00
8.569055e-03 1.852906e-07 2.040402e+00
8.648423e-03 2.201816e-07 2.040402e+00
8.728527e-03 2.616426e-07 2.040402e+00
8.809372e-03 3.109108e-07 2.040402e+00
8.890966e-03 3.694563e-07 2.040402e+00
8.973316e-03 4.390262e-07 2.040402e+00
9.056428e-03 5.216967e-07 2.040402e+00
9.140311e-03 6.199345e-07 2.040402e+00
9.224970e-03 7.366704e-07 2.040402e+00
9.310413e-03 8.753876e-07 2.040402e+00
9.396648e-03 1.040226e-06 2.040402e+00
9.483682e-03 1.236104e-06 2.040402e+00
9.571522e-03 1.468866e-06 2.040402e+00
9.660175e-03 1.745459e-06 2.040402e+00
9.749649e-03 2.074134e-06 2.040402e+00
9.839952e-03 2.464701e-06 2.040402e+00
9.931092e-03 2.928813e-06 2.040402e+00
1.002308e-02 3.480322e-06 2.040402e+00
1.011591e-02 4.135686e-06 2.040402e+00
1.020961e-02 4.914457e-06 2.040402e+00
1.030417e-02 5.839860e-06 2.040402e+00
1.039961e-02 6.939510e-06 2.040402e+00
1.049593e-02 8.246236e-06 2.040402e+00
1.059315e-02 9.799025e-06 2.040402e+00
1.069126e-02 1.164419e-05 2.040402e+00
1.079029e-02 1.383679e-05 2.040402e+00
1.089023e-02 1.644230e-05 2.040402e+00
1.099110e-02 1.953849e-05 2.040402e+00
1.109290e-02 2.321776e-05 2.040402e+00
1.119564e-02 2.758987e-05 2.040402e+00
1.129934e-02 3.278520e-05 2.040402e+00
1.140400e-02 3.895870e-05 2.040402e+00
1.150962e-02 4.629453e-05 2.040402e+00
1.161623e-02 5.501165e-05 2.040402e+00
1.172382e-02 6.537042e-05 2.040402e+00
1.183241e-02 7.768004e-05 2.040402e+00
1.194200e-02 9.230768e-05 2.040402e+00
1.205261e-02 1.096897e-04 2.040402e+00
1.216424e-02 1.303446e-04 2.040402e+00
1.227691e-02 1.548887e-04 2.040402e+00
1.239062e-02 1.840548e-04 2.040402e+00
1.250539e-02 2.187134e-04 2.040402e+00
1.262121e-02 2.598988e-04 2.040402e+00
1.273811e-02 3.088394e-04 2.040402e+00
1.285610e-02 3.669936e-04 2.040402e+00
1.297517e-02 4.360976e-04 2.040402e+00
1.309535e-02 5.182169e-04 2.040402e+00
1.321664e-02 6.158024e-04 2.040402e+00
1.333906e-02 7.317618e-04 2.040402e+00
1.346261e-02 8.695546e-04 2.040402e+00
1.358730e-02 1.033295e-03 2.040402e+00
1.371315e-02 1.227867e-03 2.040402e+00
1.384016e-02 1.459071e-03 2.040402e+00
1.396835e-02 1.733811e-03 2.040402e+00
1.409773e-02 2.060296e-03 2.040402e+00
1.422830e-02 2.448268e-03 2.040402e+00
1.436009e-02 2.909281e-03 2.040402e+00
1.449310e-02 3.457094e-03 2.040402e+00
1.462733e-02 4.108082e-03 2.040402e+00
1.476281e-02 4.881672e-03 2.040402e+00
1.489955e-02 5.800921e-03 2.040402e+00
1.503755e-02 6.893245e-03 2.040402e+00
1.517683e-02 8.191246e-03 2.040402e+00
1.531740e-02 9.733666e-03 2.040402e+00
1.545928e-02 1.156654e-02 2.040402e+00
1.560246e-02 1.374455e-02 2.040402e+00
1.574698e-02 1.633268e-02 2.040402e+00
1.589283e-02 1.940817e-02 2.040402e+00
1.604003e-02 2.306289e-02 2.040402e+00
1.618860e-02 2.740588e-02 2.040402e+00
1.633854e-02 3.256659e-02 2.040402e+00
1.648987e-02 3.869896e-02 2.040402e+00
1.664260e-02 4.598592e-02 2.040402e+00
1.679675e-02 5.464502e-02 2.040402e+00
1.695232e-02 6.493486e-02 2.040402e+00
1.710934e-02 7.716247e-02 2.040402e+00
1.726781e-02 9.169240e-02 2.040402e+00
1.742775e-02 1.089582e-01 2.040402e+00
1.758917e-02 1.294755e-01 2.040402e+00
1.775208e-02 1.538565e-01 2.040402e+00
1.791650e-02 1.828281e-01 2.040402e+00
1.808245e-02 2.172549e-01 2.040402e+00
1.824993e-02 2.581652e-01 2.040402e+00
1.841897e-02 3.067798e-01 2.040402e+00
1.858957e-02 3.645480e-01 2.040402e+00
1.876175e-02 4.331933e-01 2.040402e+00
1.893552e-02 5.147654e-01 2.040402e+00
1.911091e-02 6.116979e-01 2.040402e+00
1.928792e-02 7.268803e-01 2.040402e+00
1.946656e-02 8.637500e-01 2.040402e+00
1.964687e-02 1.026396e+00 2.040402e+00
1.982884e-02 1.219673e+00 2.040402e+00
2.001250e-02 1.449342e+00 2.040402e+00
2.019786e-02 1.722256e+00 2.040402e+00
2.038493e-02 2.046562e+00 2.040402e+00
2.057374e-02 2.431939e+00 2.040402e+00
2.076430e-02 2.889882e+00 2.040402e+00
2.095662e-02 3.434059e+00 2.040402e+00
2.115073e-02 4.080709e+00 2.040402e+00
2.134663e-02 4.849127e+00 2.040402e+00
2.154435e-02 5.762233e+00 2.040402e+00
2.174389e-02 6.847273e+00 2.040402e+00
2.194529e-02 8.136631e+00 2.040402e+00
2.214855e-02 9.668781e+00 2.040402e+00
2.235370e-02 1.148943e+01 2.040402e+00
2.256074e-02 1.365292e+01 2.040402e+00
2.276970e-02 1.622386e+01 2.040402e+00
2.298060e-02 1.927894e+01 2.040402e+00
2.319345e-02 2.290921e+01 2.040402e+00
2.340827e-02 2.722298e+01 2.040402e+00
2.362508e-02 3.234912e+01 2.040402e+00
2.384390e-02 3.844064e+01 2.040402e+00
2.406475e-02 4.567921e+01 2.040402e+00
2.428764e-02 5.428078e+01 2.040402e+00
2.451260e-02 6.450209e+01 2.040402e+00
2.473964e-02 7.664815e+01 2.040402e+00
2.496878e-02 9.108127e+01 2.040402e+00
2.520005e-02 1.082321e+02 2.040402e+00
2.543346e-02 1.286127e+02 2.040402e+00
2.566903e-02 1.528310e+02 2.040402e+00
2.590678e-02 1.816094e+02 2.040402e+00
2.614673e-02 2.158066e+02 2.040402e+00
2.638891e-02 2.564438e+02 2.040402e+00
2.663333e-02 3.047335e+02 2.040402e+00
2.688001e-02 3.621158e+02 2.040402e+00
2.712898e-02 4.303028e+02 2.040402e+00
2.738025e-02 5.113296e+02 2.040402e+00
2.763385e-02 6.076148e+02 2.040402e+00
2.788980e-02 7.220320e+02 2.040402e+00
2.814812e-02 8.579950e+02 2.040402e+00
2.840884e-02 1.019559e+03 2.040402e+00
2.867196e-02 1.211544e+03 2.040402e+00
2.893753e-02 1.439680e+03 2.040402e+00
2.920556e-02 1.710777e+03 2.040402e+00
2.947606e-02 2.032923e+03 2.040402e+00
2.974908e-02 2.415731e+03 2.040402e+00
3.002462e-02 2.870626e+03 2.040402e+00
3.030271e-02 3.411178e+03 2.040402e+00
3.058338e-02 4.053507e+03 2.040402e+00
3.086665e-02 4.816783e+03 2.040402e+00
3.115254e-02 5.723795e+03 2.040402e+00
3.144108e-02 6.801617e+03 2.040402e+00
3.173230e-02 8.082402e+03 2.040402e+00
3.202621e-02 9.604355e+03 2.040402e+00
3.232284e-02 1.141287e+04 2.040402e+00
3.262222e-02 1.356191e+04 2.040402e+00
3.292437e-02 1.611566e+04 2.040402e+00
3.322933e-02 1.915034e+04 2.040402e+00
3.353710e-02 2.275641e+04 2.040402e+00
3.384773e-02 2.704147e+04 2.040402e+00
3.416123e-02 3.213350e+04 2.040403e+00
3.447764e-02 3.818446e+04 2.040403e+00
3.479698e-02 4.537475e+04 2.040398e+00
3.511928e-02 5.391889e+04 2.040396e+00
3.544456e-02 6.407198e+04 2.040418e+00
3.577285e-02 7.613705e+04 2.040423e+00
3.610419e-02 9.047404e+04 2.040341e+00
3.643859e-02 1.075105e+05 2.040324e+00
3.677609e-02 1.277542e+05 2.040628e+00
3.711672e-02 1.518108e+05 2.040696e+00
3.746050e-02 1.804017e+05 2.039562e+00
3.780747e-02 2.143729e+05 2.039303e+00
3.815765e-02 2.547164e+05 2.043529e+00
3.851107e-02 3.026742e+05 2.044520e+00
3.886777e-02 3.597931e+05 2.028812e+00
3.922777e-02 4.275788e+05 2.025061e+00
3.959110e-02 5.074418e+05 2.084094e+00
3.995780e-02 6.028041e+05 2.098863e+00
4.032790e-02 7.197445e+05 1.867816e+00
4.070142e-02 8.563034e+05 1.530164e+00
4.107841e-02 9.974794e+05 1.333057e+00
4.145888e-02 1.135419e+06 1.265993e+00
4.184289e-02 1.275575e+06 1.225599e+00
4.223044e-02 1.420743e+06 1.181210e+00
4.262159e-02 1.569004e+06 1.146461e+00
4.301636e-02 1.719531e+06 1.123230e+00
4.341478e-02 1.873020e+06 1.104949e+00
4.381690e-02 2.029812e+06 1.089013e+00
4.422274e-02 2.189742e+06 1.075780e+00
4.463234e-02 2.352779e+06 1.065001e+00
4.504573e-02 2.519051e+06 1.055936e+00
4.546295e-02 2.688646e+06 1.048171e+00
4.588404e-02 2.861602e+06 1.041544e+00
4.630903e-02 3.037976e+06 1.035894e+00
4.673795e-02 3.217844e+06 1.031058e+00
4.717085e-02 3.401279e+06 1.026917e+00
4.760775e-02 3.588352e+06 1.023393e+00
4.804870e-02 3.779136e+06 1.020426e+00
4.849374e-02 3.973712e+06 1.017973e+00
4.894290e-02 4.172159e+06 1.016014e+00
4.939622e-02 4.374565e+06 1.014546e+00
4.985373e-02 4.581017e+06 1.013557e+00
5.031549e-02 4.791608e+06 1.013021e+00
5.078152e-02 5.006434e+06 1.012869e+00
5.125187e-02 5.225593e+06 1.012991e+00
5.172657e-02 5.449189e+06 1.013291e+00
5.220568e-02 5.677328e+06 1.013682e+00
5.268921e-02 5.910124e+06 1.014109e+00
5.317723e-02 6.147690e+06 1.014535e+00
5.366977e-02 6.390146e+06 1.014939e+00
5.416687e-02 6.637615e+06 1.015310e+00
5.466857e-02 6.890226e+06 1.015640e+00
5.517492e-02 7.148115e+06 1.015928e+00
5.568596e-02 7.411420e+06 1.016173e+00
5.620174e-02 7.680283e+06 1.016376e+00
5.672229e-02 7.954852e+06 1.016538e+00
5.724766e-02 8.235281e+06 1.016662e+00
5.777790e-02 8.521728e+06 1.016749e+00
5.831305e-02 8.814356e+06 1.016802e+00
5.885316e-02 9.113333e+06 1.016824e+00
5.939827e-02 9.418835e+06 1.016819e+00
5.994843e-02 9.731044e+06 1.016787e+00
6.050368e-02 1.005014e+07 1.016733e+00
6.106408e-02 1.037632e+07 1.016658e+00
6.162966e-02 1.070978e+07 1.016564e+00
6.220049e-02 1.105072e+07 1.016455e+00
6.277660e-02 1.139935e+07 1.016331e+00
6.335805e-02 1.175589e+07 1.016196e+00
6.394488e-02 1.212054e+07 1.016050e+00
6.453715e-02 1.249355e+07 1.015897e+00
6.513491e-02 1.287514e+07 1.015737e+00
6.573820e-02 1.326555e+07 1.015571e+00
6.634708e-02 1.366503e+07 1.015403e+00
6.696160e-02 1.407381e+07 1.015233e+00
6.758181e-02 1.449215e+07 1.015063e+00
6.820777e-02 1.492033e+07 1.014893e+00
6.883952e-02 1.535860e+07 1.014726e+00
6.947713e-02 1.580724e+07 1.014561e+00
7.012064e-02 1.626651e+07 1.014400e+00
7.077011e-02 1.673670e+07 1.014244e+00
7.142559e-02 1.721811e+07 1.014094e+00
7.208715e-02 1.771104e+07 1.013950e+00
7.275484e-02 1.821576e+07 1.013814e+00
7.342870e-02 1.873259e+07 1.013685e+00
7.410882e-02 1.926182e+07 1.013565e+00
7.479523e-02 1.980378e+07 1.013452e+00
7.548799e-02 2.035879e+07 1.013348e+00
7.618718e-02 2.092716e+07 1.013253e+00
7.689284e-02 2.150922e+07 1.013166e+00
7.760503e-02 2.210528e+07 1.013089e+00
7.832383e-02 2.271570e+07 1.013020e+00
7.904928e-02 2.334081e+07 1.012959e+00
7.978145e-02 2.398094e+07 1.012906e+00
8.052040e-02 2.463643e+07 1.012862e+00
8.126619e-02 2.530763e+07 1.012824e+00
8.201889e-02 2.599489e+07 1.012794e+00
8.277857e-02 2.669855e+07 1.012771e+00
8.354528e-02 2.741896e+07 1.012753e+00
8.431909e-02 2.815647e+07 1.012741e+00
8.510007e-02 2.891144e+07 1.012735e+00
8.588829e-02 2.968423e+07 1.012733e+00
8.668380e-02 3.047518e+07 1.012735e+00
8.748668e-02 3.128465e+07 1.012740e+00
8.829700e-02 3.211299e+07 1.012749e+00
8.911482e-02 3.296057e+07 1.012760e+00
8.994022e-02 3.382773e+07 1.012774e+00
9.077327e-02 3.471481e+07 1.012790e+00
9.161402e-02 3.562218e+07 1.012807e+00
9.246257e-02 3.655017e+07 1.012825e+00
9.331898e-02 3.749915e+07 1.012844e+00
9.418332e-02 3.846945e+07 1.012864e+00
9.505566e-02 3.946140e+07 1.012883e+00
9.593608e-02 4.047535e+07 1.012903e+00
9.682466e-02 4.151163e+07 1.012922e+00
9.772147e-02 4.257057e+07 1.012942e+00
9.862658e-02 4.365249e+07 1.012961e+00
9.954008e-02 4.475769e+07 1.012979e+00
1.004620e-01 4.588648e+07 1.012996e+00
1.013925e-01 4.703924e+07 1.013012e+00
1.023317e-01 4.821628e+07 1.013028e+00
1.032795e-01 4.941781e+07 1.013042e+00
1.042361e-01 5.064411e+07 1.013055e+00
1.052015e-01 5.189548e+07 1.013067e+00
1.061759e-01 5.317222e+07 1.013078e+00
1.071593e-01 5.447460e+07 1.013088e+00
1.081519e-01 5.580288e+07 1.013097e+00
1.091536e-01 5.715731e+07 1.013105e+00
1.101646e-01 5.853812e+07 1.013111e+00
1.111850e-01 5.994551e+07 1.013117e+00
1.122148e-01 6.137968e+07 1.013121e+00
1.132541e-01 6.284088e+07 1.013125e+00
1.143031e-01 6.432933e+07 1.013127e+00
1.153618e-01 6.584528e+07 1.013129e+00
1.164303e-01 6.738889e+07 1.013130e+00
1.175087e-01 6.896021e+07 1.013130e+00
1.185971e-01 7.055938e+07 1.013129e+00
1.196956e-01 7.218668e+07 1.013127e+00
1.208042e-01 7.384225e+07 1.013125e+00
1.219231e-01 7.552614e+07 1.013123e+00
1.230524e-01 7.723842e+07 1.013119e+00
1.241921e-01 7.897927e+07 1.013115e+00
1.253424e-01 8.074876e+07 1.013111e+00
1.265034e-01 8.254688e+07 1.013107e+00
1.276751e-01 8.437371e+07 1.013102e+00
1.288576e-01 8.622938e+07 1.013096e+00
1.300511e-01 8.811394e+07 1.013090e+00
1.312557e-01 9.002730e+07 1.013084e+00
1.324714e-01 9.196946e+07 1.013078e+00
1.336984e-01 9.394045e+07 1.013072e+00
1.349367e-01 9.594029e+07 1.013066e+00
1.361865e-01 9.796890e+07 1.013059e+00
1.374479e-01 1.000262e+08 1.013052e+00
1.387210e-01 1.021121e+08 1.013046e+00
1.400058e-01 1.042266e+08 1.013039e+00
1.413026e-01 1.063696e+08 1.013033e+00
1.426114e-01 1.085409e+08 1.013027e+00
1.439323e-01 1.107404e+08 1.013020e+00
1.452654e-01 1.129680e+08 1.013013e+00
1.466109e-01 1.152236e+08 1.013007e+00
1.479688e-01 1.175070e+08 1.013001e+00
1.493393e-01 1.198180e+08 1.012995e+00
1.507225e-01 1.221562e+08 1.012989e+00
1.521186e-01 1.245216e+08 1.012983e+00
1.535275e-01 1.269141e+08 1.012977e+00
1.549495e-01 1.293332e+08 1.012972e+00
1.563847e-01 1.317787e+08 1.012967e+00
1.578331e-01 1.342505e+08 1.012962e+00
1.592950e-01 1.367483e+08 1.012957e+00
1.607704e-01 1.392716e+08 1.012952e+00
1.622595e-01 1.418201e+08 1.012947e+00
1.637624e-01 1.443936e+08 1.012942e+00
1.652792e-01 1.469919e+08 1.012938e+00
1.668101e-01 1.496145e+08 1.012934e+00
1.683551e-01 1.522610e+08 1.012930e+00
1.699144e-01 1.549311e+08 1.012926e+00
1.714882e-01 1.576243e+08 1.012922e+00
1.730766e-01 1.603403e+08 1.012919e+00
1.746796e-01 1.630788e+08 1.012916e+00
1.762975e-01 1.658392e+08 1.012913e+00
1.779304e-01 1.686212e+08 1.012910e+00
1.795785e-01 1.714241e+08 1.012907e+00
1.812418e-01 1.742478e+08 1.012904e+00
1.829205e-01 1.770916e+08 1.012902e+00
1.846147e-01 1.799551e+08 1.012900e+00
1.863246e-01 1.828379e+08 1.012898e+00
1.880504e-01 1.857394e+08 1.012896e+00
1.897922e-01 1.886590e+08 1.012894e+00
1.915501e-01 1.915963e+08 1.012893e+00
1.933242e-01 1.945508e+08 1.012891e+00
1.951148e-01 1.975220e+08 1.012890e+00
1.969220e-01 2.005094e+08 1.012890e+00
1.987460e-01 2.035122e+08 1.012889e+00
2.005868e-01 2.065301e+08 1.012889e+00
2.024447e-01 2.095623e+08 1.012888e+00
2.043197e-01 2.126084e+08 1.012888e+00
2.062122e-01 2.156679e+08 1.012888e+00
2.081222e-01 2.187401e+08 1.012888e+00
2.100498e-01 2.218245e+08 1.012888e+00
2.119953e-01 2.249203e+08 1.012888e+00
2.139589e-01 2.280271e+08 1.012889e+00
2.159406e-01 2.311442e+08 1.012890e+00
2.179407e-01 2.342708e+08 1.012891e+00
2.199593e-01 2.374067e+08 1.012891e+00
2.219966e-01 2.405511e+08 1.012893e+00
2.240528e-01 2.437033e+08 1.012895e+00
2.261280e-01 2.468625e+08 1.012896e+00
2.282224e-01 2.500285e+08 1.012898e+00
2.303363e-01 2.532005e+08 1.012900e+00
2.324697e-01 2.563778e+08 1.012902e+00
2.346229e-01 2.595597e+08 1.012904e+00
2.367960e-01 2.627455e+08 1.012907e+00
2.389893e-01 2.659348e+08 1.012910e+00
2.412028e-01 2.691268e+08 1.012913e+00
2.434369e-01 2.723210e+08 1.012916e+00
2.456916e-01 2.755166e+08 1.012919e+00
2.479673e-01 2.787130e+08 1.012923e+00
2.502640e-01 2.819095e+08 1.012926e+00
2.525820e-01 2.851054e+08 1.012930e+00
2.549215e-01 2.883002e+08 1.012933e+00
2.572826e-01 2.914933e+08 1.012937e+00
2.596656e-01 2.946839e+08 1.012942e+00
2.620707e-01 2.978713e+08 1.012946e+00
2.644980e-01 3.010550e+08 1.012951e+00
2.669478e-01 3.042343e+08 1.012955e+00
2.694204e-01 3.074086e+08 1.012960e+00
2.719158e-01 3.105772e+08 1.012965e+00
2.744343e-01 3.137394e+08 1.012970e+00
2.769762e-01 3.168948e+08 1.012976e+00
2.795416e-01 3.200425e+08 1.012981e+00
2.821308e-01 3.231820e+08 1.012987e+00
2.847439e-01 3.263126e+08 1.012992e+00
2.873813e-01 3.294338e+08 1.012998e+00
2.900430e-01 3.325449e+08 1.013004e+00
2.927295e-01 3.356452e+08 1.013010e+00
2.954408e-01 3.387342e+08 1.013016e+00
2.981772e-01 3.418113e+08 1.013023e+00
3.009390e-01 3.448757e+08 1.013029e+00
3.037264e-01 3.479271e+08 1.013035e+00
3.065395e-01 3.509646e+08 1.013042e+00
3.093788e-01 3.539878e+08 1.013049e+00
3.122443e-01 3.569961e+08 1.013056e+00
3.151363e-01 3.599889e+08 1.013062e+00
3.180552e-01 3.629656e+08 1.013069e+00
3.210011e-01 3.659256e+08 1.013076e+00
3.239743e-01 3.688684e+08 1.013083e+00
3.269750e-01 3.717933e+08 1.013090e+00
3.300035e-01 3.747000e+08 1.013097e+00
3.330600e-01 3.775877e+08 1.013104e+00
3.361449e-01 3.804559e+08 1.013111e+00
3.392583e-01 3.833042e+08 1.013118e+00
3.424006e-01 3.861320e+08 1.013125e+00
3.455720e-01 3.889387e+08 1.013132e+00
3.487727e-01 3.917239e+08 1.013138e+00
3.520031e-01 3.944871e+08 1.013145e+00
3.552635e-01 3.972276e+08 1.013151e+00
3.585540e-01 3.999452e+08 1.013158e+00
3.618750e-01 4.026391e+08 1.013166e+00
3.652267e-01 4.053091e+08 1.013173e+00
3.686095e-01 4.079545e+08 1.013179e+00
3.720237e-01 4.105750e+08 1.013186e+00
3.754694e-01 4.131699e+08 1.013192e+00
3.789471e-01 4.157390e+08 1.013198e+00
3.824570e-01 4.182817e+08 1.013204e+00
3.859994e-01 4.207977e+08 1.013211e+00
3.895746e-01 4.232865e+08 1.013217e+00
3.931829e-01 4.257476e+08 1.013223e+00
3.968246e-01 4.281807e+08 1.013229e+00
4.005001e-01 4.305853e+08 1.013234e+00
4.042096e-01 4.329610e+08 1.013240e+00
4.079535e-01 4.353075e+08 1.013245e+00
4.117320e-01 4.376244e+08 1.013251e+00
4.155455e-01 4.399113e+08 1.013256e+00
4.193944e-01 4.421677e+08 1.013261e+00
4.232789e-01 4.443934e+08 1.013266e+00
4.271994e-01 4.465881e+08 1.013271e+00
4.311562e-01 4.487513e+08 1.013274e+00
4.351497e-01 4.508828e+08 1.013278e+00
4.391801e-01 4.529821e+08 1.013282e+00
4.432479e-01 4.550491e+08 1.013286e+00
4.473533e-01 4.570833e+08 1.013291e+00
4.514968e-01 4.590844e+08 1.013294e+00
4.556786e-01 4.610523e+08 1.013297e+00
4.598992e-01 4.629866e+08 1.013300e+00
4.641589e-01 4.648870e+08 1.013303e+00
4.684580e-01 4.667532e+08 1.013306e+00
4.727970e-01 4.685851e+08 1.013308e+00
4.771761e-01 4.703822e+08 1.013311e+00
4.815958e-01 4.721445e+08 1.013313e+00
4.860564e-01 4.738716e+08 1.013315e+00
4.905584e-01 4.755634e+08 1.013317e+00
4.951020e-01 4.772196e+08 1.013319e+00
4.996877e-01 4.788401e+08 1.013320e+00
5.043159e-01 4.804246e+08 1.013321e+00
5.089870e-01 4.819729e+08 1.013322e+00
5.137014e-01 4.834849e+08 1.013323e+00
5.184594e-01 4.849603e+08 1.013324e+00
5.232614e-01 4.863990e+08 1.013324e+00
5.281080e-01 4.878009e+08 1.013324e+00
5.329994e-01 4.891659e+08 1.013324e+00
5.379362e-01 4.904937e+08 1.013324e+00
5.429186e-01 4.917843e+08 1.013324e+00
5.479472e-01 4.930376e+08 1.013324e+00
5.530224e-01 4.942534e+08 1.013324e+00
5.581446e-01 4.954316e+08 1.013323e+00
5.633143e-01 4.965722e+08 1.013322e+00
5.685318e-01 4.976750e+08 1.013321e+00
5.737976e-01 4.987401e+08 1.013321e+00
5.791123e-01 4.997673e+08 1.013319e+00
5.844761e-01 5.007566e+08 1.013318e+00
5.898896e-01 5.017079e+08 1.013317e+00
5.953533e-01 5.026212e+08 1.013316e+00
6.008676e-01 5.034965e+08 1.013314e+00
6.064329e-01 5.043337e+08 1.013312e+00
6.120498e-01 5.051329e+08 1.013310e+00
6.177188e-01 5.058941e+08 1.013309e+00
6.234402e-01 5.066173e+08 1.013307e+00
6.292146e-01 5.073025e+08 1.013305e+00
6.350425e-01 5.079497e+08 1.013303e+00
6.409244e-01 5.085590e+08 1.013301e+00
6.468608e-01 5.091303e+08 1.013299e+00
6.528521e-01 5.096639e+08 1.013297e+00
6.588990e-01 5.101598e+08 1.013295e+00
6.650018e-01 5.106180e+08 1.013293e+00
6.711612e-01 5.110386e+08 1.013291e+00
6.773776e-01 5.114217e+08 1.013290e+00
6.836516e-01 5.117675e+08 1.013288e+00
6.899837e-01 5.120760e+08 1.013286e+00
6.963745e-01 5.123475e+08 1.013285e+00
7.028244e-01 5.125820e+08 1.013282e+00
7.093341e-01 5.127796e+08 1.013280e+00
7.159041e-01 5.129405e+08 1.013279e+00
7.225349e-01 5.130649e+08 1.013277e+00
7.292272e-01 5.131530e+08 1.013276e+00
7.359814e-01 5.132050e+08 1.013274e+00
7.427982e-01 5.132210e+08 1.013273e+00
7.496782e-01 5.132013e+08 1.013272e+00
7.566219e-01 5.131461e+08 1.013271e+00
7.636298e-01 5.130556e+08 1.013270e+00
7.707027e-01 5.129300e+08 1.013269e+00
7.778411e-01 5.127695e+08 1.013268e+00
7.850456e-01 5.125745e+08 1.013267e+00
7.923169e-01 5.123452e+08 1.013266e+00
7.996555e-01 5.120819e+08 1.013266e+00
8.070620e-01 5.117849e+08 1.013266e+00
8.145372e-01 5.114543e+08 1.013266e+00
8.220816e-01 5.110906e+08 1.013266e+00
8.296959e-01 5.106941e+08 1.013266e+00
8.373807e-01 5.102650e+08 1.013267e+00
8.451366e-01 5.098037e+08 1.013267e+00
8.529644e-01 5.093104e+08 1.013267e+00
8.608648e-01 5.087857e+08 1.013268e+00
8.688383e-01 5.082298e+08 1.013270e+00
8.768856e-01 5.076430e+08 1.013271e+00
8.850075e-01 5.070258e+08 1.013273e+00
8.932046e-01 5.063785e+08 1.013274e+00
9.014776e-01 5.057015e+08 1.013276e+00
9.098273e-01 5.049952e+08 1.013279e+00
9.182543e-01 5.042599e+08 1.013281e+00
9.267593e-01 5.034961e+08 1.013284e+00
9.353432e-01 5.027043e+08 1.013287e+00
9.440065e-01 5.018848e+08 1.013290e+00
9.527500e-01 5.010379e+08 1.013293e+00
9.615746e-01 5.001642e+08 1.013297e+00
9.704809e-01 4.992642e+08 1.013301e+00
9.794697e-01 4.983383e+08 1.013305e+00
9.885417e-01 4.973867e+08 1.013310e+00
9.976978e-01 4.964101e+08 1.013314e+00
1.006939e+00 4.954089e+08 1.013319e+00
1.016265e+00 4.943836e+08 1.013324e+00
1.025678e+00 4.933346e+08 1.013330e+00
1.035178e+00 4.922625e+08 1.013335e+00
1.044766e+00 4.911676e+08 1.013341e+00
1.054443e+00 4.900505e+08 1.013347e+00
1.064209e+00 4.889115e+08 1.013353e+00
1.074066e+00 4.877513e+08 1.013360e+00
1.084014e+00 4.865702e+08 1.013367e+00
1.094055e+00 4.853688e+08 1.013374e+00
1.104188e+00 4.841475e+08 1.013381e+00
1.114415e+00 4.829068e+08 1.013388e+00
1.124737e+00 4.816473e+08 1.013395e+00
1.135155e+00 4.803694e+08 1.013402e+00
1.145669e+00 4.790736e+08 1.013409e+00
1.156280e+00 4.777603e+08 1.013417e+00
1.166990e+00 4.764301e+08 1.013425e+00
1.177799e+00 4.750834e+08 1.013433e+00
1.188708e+00 4.737207e+08 1.013440e+00
1.199718e+00 4.723425e+08 1.013448e+00
1.210830e+00 4.709493e+08 1.013455e+00
1.222045e+00 4.695415e+08 1.013463e+00
1.233363e+00 4.681195e+08 1.013470e+00
1.244787e+00 4.666839e+08 1.013478e+00
1.256317e+00 4.652351e+08 1.013485e+00
1.267953e+00 4.637736e+08 1.013493e+00
1.279697e+00 4.622997e+08 1.013499e+00
1.291550e+00 4.608139e+08 1.013505e+00
1.303512e+00 4.593167e+08 1.013512e+00
1.315586e+00 4.578083e+08 1.013518e+00
1.327771e+00 4.562893e+08 1.013524e+00
1.340069e+00 4.547601e+08 1.013529e+00
1.352481e+00 4.532211e+08 1.013535e+00
1.365008e+00 4.516726e+08 1.013540e+00
1.377651e+00 4.501150e+08 1.013545e+00
1.390411e+00 4.485487e+08 1.013549e+00
1.403289e+00 4.469740e+08 1.013552e+00
1.416287e+00 4.453914e+08 1.013556e+00
1.429405e+00 4.438010e+08 1.013559e+00
1.442644e+00 4.422032e+08 1.013562e+00
1.456006e+00 4.405984e+08 1.013564e+00
1.469492e+00 4.389869e+08 1.013565e+00
1.483103e+00 4.373688e+08 1.013566e+00
1.496839e+00 4.357446e+08 1.013567e+00
1.510703e+00 4.341145e+08 1.013568e+00
1.524696e+00 4.324787e+08 1.013568e+00
1.538818e+00 4.308375e+08 1.013568e+00
1.553071e+00 4.291910e+08 1.013568e+00
1.567455e+00 4.275396e+08 1.013568e+00
1.581973e+00 4.258834e+08 1.013567e+00
1.596626e+00 4.242225e+08 1.013566e+00
1.611414e+00 4.225573e+08 1.013565e+00
1.626340e+00 4.208880e+08 1.013563e+00
1.641403e+00 4.192146e+08 1.013562e+00
1.656606e+00 4.175371e+08 1.013560e+00
1.671950e+00 4.158559e+08 1.013558e+00
1.687436e+00 4.141711e+08 1.013556e+00
1.703065e+00 4.124828e+08 1.013555e+00
1.718839e+00 4.107910e+08 1.013553e+00
1.734759e+00 4.090959e+08 1.013552e+00
1.750827e+00 4.073976e+08 1.013551e+00
1.767044e+00 4.056962e+08 1.013550e+00
1.783410e+00 4.039918e+08 1.013549e+00
1.799929e+00 4.022844e+08 1.013549e+00
1.816600e+00 4.005742e+08 1.013549e+00
1.833425e+00 3.988612e+08 1.013549e+00
1.850407e+00 3.971454e+08 1.013550e+00
1.867546e+00 3.954268e+08 1.013551e+00
1.884843e+00 3.937057e+08 1.013553e+00
1.902301e+00 3.919820e+08 1.013555e+00
1.919921e+00 3.902558e+08 1.013558e+00
1.937703e+00 3.885271e+08 1.013562e+00
1.955651e+00 3.867962e+08 1.013566e+00
1.973764e+00 3.850629e+08 1.013571e+00
1.992046e+00 3.833274e+08 1.013577e+00
2.010496e+00 3.815898e+08 1.013584e+00
2.029118e+00 3.798501e+08 1.013591e+00
2.047912e+00 3.781084e+08 1.013600e+00
2.066880e+00 3.763649e+08 1.013609e+00
2.086024e+00 3.746196e+08 1.013620e+00
2.105345e+00 3.728726e+08 1.013631e+00
2.124845e+00 3.711242e+08 1.013643e+00
2.144526e+00 3.693744e+08 1.013656e+00
2.164389e+00 3.676234e+08 1.013670e+00
2.184436e+00 3.658713e+08 1.013686e+00
2.204669e+00 3.641183e+08 1.013702e+00
2.225089e+00 3.623646e+08 1.013719e+00
2.245698e+00 3.606105e+08 1.013738e+00
2.266498e+00 3.588562e+08 1.013758e+00
2.287491e+00 3.571014e+08 1.013778e+00
2.308678e+00 3.553465e+08 1.013800e+00
2.330061e+00 3.535939e+08 1.013822e+00
2.351643e+00 3.518433e+08 1.013844e+00
2.373424e+00 3.500869e+08 1.013868e+00
2.395407e+00 3.483270e+08 1.013892e+00
2.417594e+00 3.465941e+08 1.013917e+00
2.439986e+00 3.448811e+08 1.013941e+00
2.462586e+00 3.430771e+08 1.013966e+00
2.485395e+00 3.412801e+08 1.013991e+00
2.508415e+00 3.401504e+08 1.014007e+00
2.531648e+00 3.400363e+08 1.014009e+00
2.555097e+00 3.402751e+08 1.014006e+00
2.578763e+00 3.403061e+08 1.014005e+00
2.602648e+00 3.402421e+08 1.014006e+00
2.626754e+00 3.402337e+08 1.014006e+00
2.651084e+00 3.402508e+08 1.014006e+00
2.675638e+00 3.402531e+08 1.014006e+00
2.700421e+00 3.402485e+08 1.014006e+00
2.725433e+00 3.402479e+08 1.014006e+00
2.750676e+00 3.402491e+08 1.014006e+00
2.776153e+00 3.402493e+08 1.014006e+00
2.801867e+00 3.402490e+08 1.014006e+00
2.827818e+00 3.402489e+08 1.014006e+00
2.854010e+00 3.402490e+08 1.014006e+00
2.880444e+00 3.402490e+08 1.014006e+00
2.907123e+00 3.402490e+08 1.014006e+00
2.934050e+00 3.402490e+08 1.014006e+00
2.961225e+00 3.402490e+08 1.014006e+00
2.988653e+00 3.402490e+08 1.014006e+00
3.016334e+00 3.402490e+08 1.014006e+00
3.044272e+00 3.402490e+08 1.014006e+00
3.072469e+00 3.402490e+08 1.014006e+00
3.100927e+00 3.402490e+08 1.014006e+00
3.129648e+00 3.402490e+08 1.014006e+00
3.158635e+00 3.402490e+08 1.014006e+00
3.187891e+00 3.402490e+08 1.014006e+00
3.217418e+00 3.402490e+08 1.014006e+00
3.247218e+00 3.402490e+08 1.014006e+00
3.277295e+00 3.402490e+08 1.014006e+00
3.307650e+00 3.402490e+08 1.014006e+00
3.338286e+00 3.402490e+08 1.014006e+00
3.369206e+00 3.402490e+08 1.014006e+00
3.400412e+00 3.402490e+08 1.014006e+00
3.431907e+00 3.402490e+08 1.014006e+00
3.463694e+00 3.402490e+08 1.014006e+00
3.495776e+00 3.402490e+08 1.014006e+00
3.528154e+00 3.402490e+08 1.014006e+00
3.560833e+00 3.402490e+08 1.014006e+00
3.593814e+00 3.402490e+08 1.014006e+00
3.627100e+00 3.402490e+08 1.014006e+00
3.660695e+00 3.402490e+08 1.014006e+00
3.694601e+00 3.402490e+08 1.014006e+00
3.728821e+00 3.402490e+08 1.014006e+00
3.763358e+00 3.402490e+08 1.014006e+00
3.798215e+00 3.402490e+08 1.014006e+00
3.833395e+00 3.402490e+08 1.014006e+00
3.868901e+00 3.402490e+08 1.014006e+00
3.904735e+00 3.402490e+08 1.014006e+00
3.940902e+00 3.402490e+08 1.014006e+00
3.977403e+00 3.402490e+08 1.014006e+00
4.014242e+00 3.402490e+08 1.014006e+00
4.051423e+00 3.402490e+08 1.014006e+00
4.088948e+00 3.402490e+08 1.014006e+00
4.126821e+00 3.402490e+08 1.014006e+00
4.165044e+00 3.402490e+08 1.014006e+00
4.203622e+00 3.402490e+08 1.014006e+00
4.242556e+00 3.402490e+08 1.014006e+00
4.281852e+00 3.402490e+08 1.014006e+00
4.321511e+00 3.402490e+08 1.014006e+00
4.361538e+00 3.402490e+08 1.014006e+00
4.401935e+00 3.402490e+08 1.014006e+00
4.442707e+00 3.402490e+08 1.014006e+00
4.483856e+00 3.402490e+08 1.014006e+00
4.525386e+00 3.402490e+08 1.014006e+00
4.567301e+00 3.402490e+08 1.014006e+00
4.609604e+00 3.402490e+08 1.014006e+00
4.652300e+00 3.402490e+08 1.014006e+00
4.695390e+00 3.402490e+08 1.014006e+00
4.738880e+00 3.402490e+08 1.014006e+00
4.782772e+00 3.402490e+08 1.014006e+00
4.827071e+00 3.402490e+08 1.014006e+00
4.871780e+00 3.402490e+08 1.014006e+00
4.916904e+00 3.402490e+08 1.014006e+00
4.962445e+00 3.402490e+08 1.014006e+00
5.008408e+00 3.402490e+08 1.014006e+00
5.054797e+00 3.402490e+08 1.014006e+00
5.101615e+00 3.402490e+08 1.014006e+00
5.148867e+00 3.402490e+08 1.014006e+00
5.196557e+00 3.402490e+08 1.014006e+00
5.244689e+00 3.402490e+08 1.014006e+00
5.293266e+00 3.402490e+08 1.014006e+00
5.342293e+00 3.402490e+08 1.014006e+00
5.391775e+00 3.402490e+08 1.014006e+00
5.441714e+00 3.402490e+08 1.014006e+00
5.492116e+00 3.402490e+08 1.014006e+00
5.542986e+00 3.402490e+08 1.014006e+00
5.594326e+00 3.402490e+08 1.014006e+00
5.646141e+00 3.402490e+08 1.014006e+00
5.698437e+00 3.402490e+08 1.014006e+00
5.751217e+00 3.402490e+08 1.014006e+00
5.804486e+00 3.402490e+08 1.014006e+00
5.858248e+00 3.402490e+08 1.014006e+00
5.912508e+00 3.402490e+08 1.014006e+00
5.967271e+00 3.402490e+08 1.014006e+00
6.022541e+00 3.402490e+08 1.014006e+00
6.078323e+00 3.402490e+08 1.014006e+00
6.134622e+00 3.402490e+08 1.014006e+00
6.191442e+00 3.402490e+08 1.014006e+00
6.248788e+00 3.402490e+08 1.014006e+00
6.306666e+00 3.402490e+08 1.014006e+00
6.365079e+00 3.402490e+08 1.014006e+00
6.424034e+00 3.402490e+08 1.014006e+00
6.483534e+00 3.402490e+08 1.014006e+00
6.543586e+00 3.402490e+08 1.014006e+00
6.604194e+00 3.402490e+08 1.014006e+00
6.665363e+00 3.402490e+08 1.014006e+00
6.727099e+00 3.402490e+08 1.014006e+00
6.789407e+00 3.402490e+08 1.014006e+00
6.852292e+00 3.402490e+08 1.014006e+00
6.915759e+00 3.402490e+08 1.014006e+00
6.979814e+00 3.402490e+08 1.014006e+00
7.044462e+00 3.402490e+08 1.014006e+00
7.109709e+00 3.402490e+08 1.014006e+00
7.175561e+00 3.402490e+08 1.014006e+00
7.242022e+00 3.402490e+08 1.014006e+00
7.309099e+00 3.402490e+08 1.014006e+00
7.376798e+00 3.402490e+08 1.014006e+00
7.445123e+00 3.402490e+08 1.014006e+00
7.514081e+00 3.402490e+08 1.014006e+00
7.583678e+00 3.402490e+08 1.014006e+00
7.653919e+00 3.402490e+08 1.014006e+00
7.724811e+00 3.402490e+08 1.014006e+00
7.796360e+00 3.402490e+08 1.014006e+00
7.868572e+00 3.402490e+08 1.014006e+00
7.941452e+00 3.402490e+08 1.014006e+00
8.015007e+00 3.402490e+08 1.014006e+00
8.089243e+00 3.402490e+08 1.014006e+00
8.164168e+00 3.402490e+08 1.014006e+00
8.239786e+00 3.402490e+08 1.014006e+00
8.316104e+00 3.402490e+08 1.014006e+00
8.393129e+00 3.402490e+08 1.014006e+00
8.470868e+00 3.402490e+08 1.014006e+00
8.549327e+00 3.402490e+08 1.014006e+00
8.628513e+00 3.402490e+08 1.014006e+00
8.708431e+00 3.402490e+08 1.014006e+00
8.789091e+00 3.402490e+08 1.014006e+00
8.870497e+00 3.402490e+08 1.014006e+00
8.952657e+00 3.402490e+08 1.014006e+00
9.035578e+00 3.402490e+08 1.014006e+00
9.119268e+00 3.402490e+08 1.014006e+00
9.203732e+00 3.402490e+08 1.014006e+00
9.288979e+00 3.402490e+08 1.014006e+00
9.375015e+00 3.402490e+08 1.014006e+00
9.461848e+00 3.402490e+08 1.014006e+00
9.549486e+00 3.402490e+08 1.014006e+00
9.637935e+00 3.402490e+08 1.014006e+00
9.727203e+00 3.402490e+08 1.014006e+00
9.817298e+00 3.402490e+08 1.014006e+00
9.908228e+00 3.402490e+08 1.014006e+00
1.000000e+01 3.402490e+08 1.014006e+00
