# t + p > a + g   [t_p__a_g]   ref=Parthenope3.0 (Caughlan-Fowler 1988)
# Forward rate N_A<sigma v> [cm^3 mol^-1 s^-1] extracted from
# parthenope3.0.f (default PIS2020 nuclear-rate selection).
# error column = sqrt((1+drate_up)/(1+drate_lo)), the full Parthenope
# 1-sigma multiplicative envelope (statistical fp/fm + systematic floor).
# T9                 rate                error
1.000000e-03 3.564130e-11 1.224745e+00
1.009262e-03 3.989384e-11 1.224745e+00
1.018610e-03 4.463763e-11 1.224745e+00
1.028045e-03 4.992742e-11 1.224745e+00
1.037567e-03 5.582380e-11 1.224745e+00
1.047177e-03 6.239390e-11 1.224745e+00
1.056876e-03 6.971234e-11 1.224745e+00
1.066665e-03 7.786173e-11 1.224745e+00
1.076545e-03 8.693277e-11 1.224745e+00
1.086516e-03 9.702557e-11 1.224745e+00
1.096579e-03 1.082515e-10 1.224745e+00
1.106736e-03 1.207339e-10 1.224745e+00
1.116987e-03 1.346086e-10 1.224745e+00
1.127333e-03 1.500255e-10 1.224745e+00
1.137774e-03 1.671492e-10 1.224745e+00
1.148312e-03 1.861615e-10 1.224745e+00
1.158948e-03 2.072639e-10 1.224745e+00
1.169683e-03 2.306790e-10 1.224745e+00
1.180517e-03 2.566515e-10 1.224745e+00
1.191451e-03 2.854500e-10 1.224745e+00
1.202486e-03 3.173701e-10 1.224745e+00
1.213624e-03 3.527371e-10 1.224745e+00
1.224865e-03 3.919114e-10 1.224745e+00
1.236210e-03 4.352905e-10 1.224745e+00
1.247660e-03 4.833076e-10 1.224745e+00
1.259216e-03 5.364380e-10 1.224745e+00
1.270879e-03 5.952070e-10 1.224745e+00
1.282650e-03 6.601929e-10 1.224745e+00
1.294530e-03 7.320291e-10 1.224745e+00
1.306520e-03 8.114107e-10 1.224745e+00
1.318621e-03 8.991010e-10 1.224745e+00
1.330835e-03 9.959381e-10 1.224745e+00
1.343161e-03 1.102840e-09 1.224745e+00
1.355602e-03 1.220814e-09 1.224745e+00
1.368158e-03 1.350960e-09 1.224745e+00
1.380830e-03 1.494487e-09 1.224745e+00
1.393619e-03 1.652721e-09 1.224745e+00
1.406527e-03 1.827119e-09 1.224745e+00
1.419555e-03 2.019265e-09 1.224745e+00
1.432703e-03 2.230893e-09 1.224745e+00
1.445973e-03 2.463902e-09 1.224745e+00
1.459366e-03 2.720370e-09 1.224745e+00
1.472883e-03 3.002570e-09 1.224745e+00
1.486525e-03 3.312985e-09 1.224745e+00
1.500293e-03 3.654323e-09 1.224745e+00
1.514189e-03 4.029539e-09 1.224745e+00
1.528214e-03 4.441873e-09 1.224745e+00
1.542369e-03 4.894865e-09 1.224745e+00
1.556654e-03 5.392357e-09 1.224745e+00
1.571072e-03 5.938538e-09 1.224745e+00
1.585624e-03 6.537988e-09 1.224745e+00
1.600310e-03 7.195708e-09 1.224745e+00
1.615133e-03 7.917142e-09 1.224745e+00
1.630092e-03 8.708213e-09 1.224745e+00
1.645191e-03 9.575358e-09 1.224745e+00
1.660429e-03 1.052558e-08 1.224745e+00
1.675808e-03 1.156652e-08 1.224745e+00
1.691330e-03 1.270652e-08 1.224745e+00
1.706995e-03 1.395463e-08 1.224745e+00
1.722805e-03 1.532070e-08 1.224745e+00
1.738762e-03 1.681539e-08 1.224745e+00
1.754867e-03 1.845027e-08 1.224745e+00
1.771121e-03 2.023797e-08 1.224745e+00
1.787526e-03 2.219224e-08 1.224745e+00
1.804082e-03 2.432796e-08 1.224745e+00
1.820792e-03 2.666125e-08 1.224745e+00
1.837656e-03 2.920959e-08 1.224745e+00
1.854677e-03 3.199195e-08 1.224745e+00
1.871855e-03 3.502899e-08 1.224745e+00
1.889193e-03 3.834311e-08 1.224745e+00
1.906691e-03 4.195844e-08 1.224745e+00
1.924351e-03 4.590110e-08 1.224745e+00
1.942175e-03 5.019948e-08 1.224745e+00
1.960163e-03 5.488440e-08 1.224745e+00
1.978319e-03 5.998915e-08 1.224745e+00
1.996642e-03 6.554972e-08 1.224745e+00
2.015136e-03 7.160506e-08 1.224745e+00
2.033800e-03 7.819725e-08 1.224745e+00
2.052638e-03 8.537180e-08 1.224745e+00
2.071650e-03 9.317790e-08 1.224745e+00
2.090838e-03 1.016688e-07 1.224745e+00
2.110203e-03 1.109018e-07 1.224745e+00
2.129749e-03 1.209390e-07 1.224745e+00
2.149475e-03 1.318470e-07 1.224745e+00
2.169384e-03 1.436984e-07 1.224745e+00
2.189477e-03 1.565717e-07 1.224745e+00
2.209756e-03 1.705506e-07 1.224745e+00
2.230223e-03 1.857250e-07 1.224745e+00
2.250880e-03 2.021931e-07 1.224745e+00
2.271728e-03 2.200611e-07 1.224745e+00
2.292769e-03 2.394420e-07 1.224745e+00
2.314005e-03 2.604574e-07 1.224745e+00
2.335438e-03 2.832391e-07 1.224745e+00
2.357069e-03 3.079294e-07 1.224745e+00
2.378901e-03 3.346807e-07 1.224745e+00
2.400935e-03 3.636570e-07 1.224745e+00
2.423173e-03 3.950348e-07 1.224745e+00
2.445617e-03 4.290041e-07 1.224745e+00
2.468268e-03 4.657688e-07 1.224745e+00
2.491130e-03 5.055478e-07 1.224745e+00
2.514203e-03 5.485772e-07 1.224745e+00
2.537490e-03 5.951103e-07 1.224745e+00
2.560993e-03 6.454186e-07 1.224745e+00
2.584714e-03 6.997931e-07 1.224745e+00
2.608654e-03 7.585475e-07 1.224745e+00
2.632815e-03 8.220188e-07 1.224745e+00
2.657201e-03 8.905667e-07 1.224745e+00
2.681813e-03 9.645765e-07 1.224745e+00
2.706652e-03 1.044464e-06 1.224745e+00
2.731722e-03 1.130674e-06 1.224745e+00
2.757023e-03 1.223683e-06 1.224745e+00
2.782559e-03 1.323998e-06 1.224745e+00
2.808332e-03 1.432166e-06 1.224745e+00
2.834343e-03 1.548773e-06 1.224745e+00
2.860596e-03 1.674444e-06 1.224745e+00
2.887091e-03 1.809850e-06 1.224745e+00
2.913832e-03 1.955708e-06 1.224745e+00
2.940820e-03 2.112784e-06 1.224745e+00
2.968059e-03 2.281896e-06 1.224745e+00
2.995549e-03 2.463923e-06 1.224745e+00
3.023295e-03 2.659801e-06 1.224745e+00
3.051297e-03 2.870530e-06 1.224745e+00
3.079559e-03 3.097180e-06 1.224745e+00
3.108082e-03 3.340890e-06 1.224745e+00
3.136870e-03 3.602879e-06 1.224745e+00
3.165924e-03 3.884450e-06 1.224745e+00
3.195248e-03 4.186992e-06 1.224745e+00
3.224842e-03 4.511990e-06 1.224745e+00
3.254712e-03 4.861021e-06 1.224745e+00
3.284857e-03 5.235767e-06 1.224745e+00
3.315282e-03 5.638024e-06 1.224745e+00
3.345989e-03 6.069707e-06 1.224745e+00
3.376980e-03 6.532860e-06 1.224745e+00
3.408259e-03 7.029661e-06 1.224745e+00
3.439826e-03 7.562420e-06 1.224745e+00
3.471687e-03 8.133596e-06 1.224745e+00
3.503842e-03 8.745815e-06 1.224745e+00
3.536296e-03 9.401877e-06 1.224745e+00
3.569049e-03 1.010475e-05 1.224745e+00
3.602107e-03 1.085758e-05 1.224745e+00
3.635470e-03 1.166373e-05 1.224745e+00
3.669142e-03 1.252680e-05 1.224745e+00
3.703127e-03 1.345057e-05 1.224745e+00
3.737426e-03 1.443908e-05 1.224745e+00
3.772042e-03 1.549662e-05 1.224745e+00
3.806980e-03 1.662773e-05 1.224745e+00
3.842241e-03 1.783728e-05 1.224745e+00
3.877828e-03 1.913039e-05 1.224745e+00
3.913746e-03 2.051253e-05 1.224745e+00
3.949995e-03 2.198945e-05 1.224745e+00
3.986581e-03 2.356729e-05 1.224745e+00
4.023506e-03 2.525259e-05 1.224745e+00
4.060772e-03 2.705225e-05 1.224745e+00
4.098384e-03 2.897359e-05 1.224745e+00
4.136344e-03 3.102437e-05 1.224745e+00
4.174655e-03 3.321279e-05 1.224745e+00
4.213322e-03 3.554759e-05 1.224745e+00
4.252346e-03 3.803800e-05 1.224745e+00
4.291732e-03 4.069381e-05 1.224745e+00
4.331483e-03 4.352532e-05 1.224745e+00
4.371602e-03 4.654350e-05 1.224745e+00
4.412093e-03 4.975998e-05 1.224745e+00
4.452959e-03 5.318702e-05 1.224745e+00
4.494203e-03 5.683759e-05 1.224745e+00
4.535829e-03 6.072541e-05 1.224745e+00
4.577841e-03 6.486498e-05 1.224745e+00
4.620241e-03 6.927163e-05 1.224745e+00
4.663035e-03 7.396156e-05 1.224745e+00
4.706225e-03 7.895192e-05 1.224745e+00
4.749815e-03 8.426084e-05 1.224745e+00
4.793808e-03 8.990743e-05 1.224745e+00
4.838210e-03 9.591184e-05 1.224745e+00
4.883022e-03 1.022953e-04 1.224745e+00
4.928250e-03 1.090804e-04 1.224745e+00
4.973896e-03 1.162908e-04 1.224745e+00
5.019965e-03 1.239517e-04 1.224745e+00
5.066461e-03 1.320894e-04 1.224745e+00
5.113388e-03 1.407317e-04 1.224745e+00
5.160749e-03 1.499079e-04 1.224745e+00
5.208549e-03 1.596491e-04 1.224745e+00
5.256791e-03 1.699879e-04 1.224745e+00
5.305481e-03 1.809586e-04 1.224745e+00
5.354621e-03 1.925976e-04 1.224745e+00
5.404216e-03 2.049427e-04 1.224745e+00
5.454271e-03 2.180343e-04 1.224745e+00
5.504790e-03 2.319145e-04 1.224745e+00
5.555776e-03 2.466279e-04 1.224745e+00
5.607235e-03 2.622214e-04 1.224745e+00
5.659170e-03 2.787443e-04 1.224745e+00
5.711586e-03 2.962482e-04 1.224745e+00
5.764488e-03 3.147876e-04 1.224745e+00
5.817880e-03 3.344201e-04 1.224745e+00
5.871766e-03 3.552058e-04 1.224745e+00
5.926152e-03 3.772078e-04 1.224745e+00
5.981041e-03 4.004927e-04 1.224745e+00
6.036439e-03 4.251307e-04 1.224745e+00
6.092349e-03 4.511952e-04 1.224745e+00
6.148778e-03 4.787631e-04 1.224745e+00
6.205729e-03 5.079153e-04 1.224745e+00
6.263207e-03 5.387369e-04 1.224745e+00
6.321218e-03 5.713172e-04 1.224745e+00
6.379767e-03 6.057497e-04 1.224745e+00
6.438857e-03 6.421325e-04 1.224745e+00
6.498495e-03 6.805687e-04 1.224745e+00
6.558686e-03 7.211663e-04 1.224745e+00
6.619433e-03 7.640388e-04 1.224745e+00
6.680744e-03 8.093049e-04 1.224745e+00
6.742622e-03 8.570892e-04 1.224745e+00
6.805074e-03 9.075218e-04 1.224745e+00
6.868104e-03 9.607388e-04 1.224745e+00
6.931717e-03 1.016884e-03 1.224745e+00
6.995920e-03 1.076108e-03 1.224745e+00
7.060718e-03 1.138567e-03 1.224745e+00
7.126115e-03 1.204424e-03 1.224745e+00
7.192119e-03 1.273853e-03 1.224745e+00
7.258734e-03 1.347033e-03 1.224745e+00
7.325965e-03 1.424153e-03 1.224745e+00
7.393820e-03 1.505409e-03 1.224745e+00
7.462303e-03 1.591007e-03 1.224745e+00
7.531420e-03 1.681162e-03 1.224745e+00
7.601178e-03 1.776101e-03 1.224745e+00
7.671581e-03 1.876060e-03 1.224745e+00
7.742637e-03 1.981282e-03 1.224745e+00
7.814351e-03 2.092026e-03 1.224745e+00
7.886729e-03 2.208560e-03 1.224745e+00
7.959777e-03 2.331166e-03 1.224745e+00
8.033502e-03 2.460135e-03 1.224745e+00
8.107910e-03 2.595774e-03 1.224745e+00
8.183007e-03 2.738402e-03 1.224745e+00
8.258799e-03 2.888352e-03 1.224745e+00
8.335294e-03 3.045974e-03 1.224745e+00
8.412497e-03 3.211627e-03 1.224745e+00
8.490415e-03 3.385691e-03 1.224745e+00
8.569055e-03 3.568563e-03 1.224745e+00
8.648423e-03 3.760654e-03 1.224745e+00
8.728527e-03 3.962393e-03 1.224745e+00
8.809372e-03 4.174226e-03 1.224745e+00
8.890966e-03 4.396621e-03 1.224745e+00
8.973316e-03 4.630064e-03 1.224745e+00
9.056428e-03 4.875063e-03 1.224745e+00
9.140311e-03 5.132144e-03 1.224745e+00
9.224970e-03 5.401855e-03 1.224745e+00
9.310413e-03 5.684769e-03 1.224745e+00
9.396648e-03 5.981481e-03 1.224745e+00
9.483682e-03 6.292614e-03 1.224745e+00
9.571522e-03 6.618811e-03 1.224745e+00
9.660175e-03 6.960746e-03 1.224745e+00
9.749649e-03 7.319114e-03 1.224745e+00
9.839952e-03 7.694644e-03 1.224745e+00
9.931092e-03 8.088094e-03 1.224745e+00
1.002308e-02 8.500249e-03 1.224745e+00
1.011591e-02 8.931928e-03 1.224745e+00
1.020961e-02 9.383978e-03 1.224745e+00
1.030417e-02 9.857277e-03 1.224745e+00
1.039961e-02 1.035275e-02 1.224745e+00
1.049593e-02 1.087134e-02 1.224745e+00
1.059315e-02 1.141405e-02 1.224745e+00
1.069126e-02 1.198190e-02 1.224745e+00
1.079029e-02 1.257596e-02 1.224745e+00
1.089023e-02 1.319735e-02 1.224745e+00
1.099110e-02 1.384724e-02 1.224745e+00
1.109290e-02 1.452680e-02 1.224745e+00
1.119564e-02 1.523728e-02 1.224745e+00
1.129934e-02 1.597994e-02 1.224745e+00
1.140400e-02 1.675612e-02 1.224745e+00
1.150962e-02 1.756720e-02 1.224745e+00
1.161623e-02 1.841463e-02 1.224745e+00
1.172382e-02 1.929993e-02 1.224745e+00
1.183241e-02 2.022464e-02 1.224745e+00
1.194200e-02 2.119035e-02 1.224745e+00
1.205261e-02 2.219871e-02 1.224745e+00
1.216424e-02 2.325143e-02 1.224745e+00
1.227691e-02 2.435029e-02 1.224745e+00
1.239062e-02 2.549717e-02 1.224745e+00
1.250539e-02 2.669398e-02 1.224745e+00
1.262121e-02 2.794269e-02 1.224745e+00
1.273811e-02 2.924534e-02 1.224745e+00
1.285610e-02 3.060402e-02 1.224745e+00
1.297517e-02 3.202096e-02 1.224745e+00
1.309535e-02 3.349848e-02 1.224745e+00
1.321664e-02 3.503894e-02 1.224745e+00
1.333906e-02 3.664471e-02 1.224745e+00
1.346261e-02 3.831830e-02 1.224745e+00
1.358730e-02 4.006236e-02 1.224745e+00
1.371315e-02 4.187956e-02 1.224745e+00
1.384016e-02 4.377267e-02 1.224745e+00
1.396835e-02 4.574459e-02 1.224745e+00
1.409773e-02 4.779839e-02 1.224745e+00
1.422830e-02 4.993711e-02 1.224745e+00
1.436009e-02 5.216383e-02 1.224745e+00
1.449310e-02 5.448187e-02 1.224745e+00
1.462733e-02 5.689472e-02 1.224745e+00
1.476281e-02 5.940589e-02 1.224745e+00
1.489955e-02 6.201892e-02 1.224745e+00
1.503755e-02 6.473751e-02 1.224745e+00
1.517683e-02 6.756558e-02 1.224745e+00
1.531740e-02 7.050713e-02 1.224745e+00
1.545928e-02 7.356630e-02 1.224745e+00
1.560246e-02 7.674733e-02 1.224745e+00
1.574698e-02 8.005458e-02 1.224745e+00
1.589283e-02 8.349260e-02 1.224745e+00
1.604003e-02 8.706614e-02 1.224745e+00
1.618860e-02 9.077998e-02 1.224745e+00
1.633854e-02 9.463897e-02 1.224745e+00
1.648987e-02 9.864820e-02 1.224745e+00
1.664260e-02 1.028130e-01 1.224745e+00
1.679675e-02 1.071388e-01 1.224745e+00
1.695232e-02 1.116313e-01 1.224745e+00
1.710934e-02 1.162963e-01 1.224745e+00
1.726781e-02 1.211398e-01 1.224745e+00
1.742775e-02 1.261677e-01 1.224745e+00
1.758917e-02 1.313865e-01 1.224745e+00
1.775208e-02 1.368027e-01 1.224745e+00
1.791650e-02 1.424230e-01 1.224745e+00
1.808245e-02 1.482542e-01 1.224745e+00
1.824993e-02 1.543036e-01 1.224745e+00
1.841897e-02 1.605785e-01 1.224745e+00
1.858957e-02 1.670863e-01 1.224745e+00
1.876175e-02 1.738347e-01 1.224745e+00
1.893552e-02 1.808319e-01 1.224745e+00
1.911091e-02 1.880859e-01 1.224745e+00
1.928792e-02 1.956052e-01 1.224745e+00
1.946656e-02 2.033984e-01 1.224745e+00
1.964687e-02 2.114748e-01 1.224745e+00
1.982884e-02 2.198435e-01 1.224745e+00
2.001250e-02 2.285137e-01 1.224745e+00
2.019786e-02 2.374952e-01 1.224745e+00
2.038493e-02 2.467980e-01 1.224745e+00
2.057374e-02 2.564326e-01 1.224745e+00
2.076430e-02 2.664092e-01 1.224745e+00
2.095662e-02 2.767388e-01 1.224745e+00
2.115073e-02 2.874325e-01 1.224745e+00
2.134663e-02 2.985019e-01 1.224745e+00
2.154435e-02 3.099584e-01 1.224745e+00
2.174389e-02 3.218143e-01 1.224745e+00
2.194529e-02 3.340820e-01 1.224745e+00
2.214855e-02 3.467742e-01 1.224745e+00
2.235370e-02 3.599040e-01 1.224745e+00
2.256074e-02 3.734847e-01 1.224745e+00
2.276970e-02 3.875305e-01 1.224745e+00
2.298060e-02 4.020553e-01 1.224745e+00
2.319345e-02 4.170730e-01 1.224745e+00
2.340827e-02 4.325988e-01 1.224745e+00
2.362508e-02 4.486483e-01 1.224745e+00
2.384390e-02 4.652373e-01 1.224745e+00
2.406475e-02 4.823814e-01 1.224745e+00
2.428764e-02 5.000971e-01 1.224745e+00
2.451260e-02 5.184015e-01 1.224745e+00
2.473964e-02 5.373119e-01 1.224745e+00
2.496878e-02 5.568457e-01 1.224745e+00
2.520005e-02 5.770213e-01 1.224745e+00
2.543346e-02 5.978574e-01 1.224745e+00
2.566903e-02 6.193732e-01 1.224745e+00
2.590678e-02 6.415879e-01 1.224745e+00
2.614673e-02 6.645217e-01 1.224745e+00
2.638891e-02 6.881954e-01 1.224745e+00
2.663333e-02 7.126301e-01 1.224745e+00
2.688001e-02 7.378470e-01 1.224745e+00
2.712898e-02 7.638681e-01 1.224745e+00
2.738025e-02 7.907163e-01 1.224745e+00
2.763385e-02 8.184148e-01 1.224745e+00
2.788980e-02 8.469875e-01 1.224745e+00
2.814812e-02 8.764583e-01 1.224745e+00
2.840884e-02 9.068518e-01 1.224745e+00
2.867196e-02 9.381934e-01 1.224745e+00
2.893753e-02 9.705094e-01 1.224745e+00
2.920556e-02 1.003826e+00 1.224745e+00
2.947606e-02 1.038171e+00 1.224745e+00
2.974908e-02 1.073572e+00 1.224745e+00
3.002462e-02 1.110058e+00 1.224745e+00
3.030271e-02 1.147658e+00 1.224745e+00
3.058338e-02 1.186400e+00 1.224745e+00
3.086665e-02 1.226316e+00 1.224745e+00
3.115254e-02 1.267436e+00 1.224745e+00
3.144108e-02 1.309794e+00 1.224745e+00
3.173230e-02 1.353422e+00 1.224745e+00
3.202621e-02 1.398352e+00 1.224745e+00
3.232284e-02 1.444617e+00 1.224745e+00
3.262222e-02 1.492253e+00 1.224745e+00
3.292437e-02 1.541297e+00 1.224745e+00
3.322933e-02 1.591784e+00 1.224745e+00
3.353710e-02 1.643750e+00 1.224745e+00
3.384773e-02 1.697233e+00 1.224745e+00
3.416123e-02 1.752273e+00 1.224745e+00
3.447764e-02 1.808910e+00 1.224745e+00
3.479698e-02 1.867182e+00 1.224745e+00
3.511928e-02 1.927131e+00 1.224745e+00
3.544456e-02 1.988799e+00 1.224745e+00
3.577285e-02 2.052229e+00 1.224745e+00
3.610419e-02 2.117464e+00 1.224745e+00
3.643859e-02 2.184549e+00 1.224745e+00
3.677609e-02 2.253531e+00 1.224745e+00
3.711672e-02 2.324455e+00 1.224745e+00
3.746050e-02 2.397369e+00 1.224745e+00
3.780747e-02 2.472320e+00 1.224745e+00
3.815765e-02 2.549359e+00 1.224745e+00
3.851107e-02 2.628536e+00 1.224745e+00
3.886777e-02 2.709902e+00 1.224745e+00
3.922777e-02 2.793510e+00 1.224745e+00
3.959110e-02 2.879412e+00 1.224745e+00
3.995780e-02 2.967664e+00 1.224745e+00
4.032790e-02 3.058320e+00 1.224745e+00
4.070142e-02 3.151438e+00 1.224745e+00
4.107841e-02 3.247074e+00 1.224745e+00
4.145888e-02 3.345289e+00 1.224745e+00
4.184289e-02 3.446142e+00 1.224745e+00
4.223044e-02 3.549695e+00 1.224745e+00
4.262159e-02 3.656008e+00 1.224745e+00
4.301636e-02 3.765145e+00 1.224745e+00
4.341478e-02 3.877173e+00 1.224745e+00
4.381690e-02 3.992157e+00 1.224745e+00
4.422274e-02 4.110161e+00 1.224745e+00
4.463234e-02 4.231254e+00 1.224745e+00
4.504573e-02 4.355508e+00 1.224745e+00
4.546295e-02 4.482995e+00 1.224745e+00
4.588404e-02 4.613783e+00 1.224745e+00
4.630903e-02 4.747947e+00 1.224745e+00
4.673795e-02 4.885561e+00 1.224745e+00
4.717085e-02 5.026704e+00 1.224745e+00
4.760775e-02 5.171452e+00 1.224745e+00
4.804870e-02 5.319885e+00 1.224745e+00
4.849374e-02 5.472080e+00 1.224745e+00
4.894290e-02 5.628120e+00 1.224745e+00
4.939622e-02 5.788089e+00 1.224745e+00
4.985373e-02 5.952072e+00 1.224745e+00
5.031549e-02 6.120153e+00 1.224745e+00
5.078152e-02 6.292422e+00 1.224745e+00
5.125187e-02 6.468967e+00 1.224745e+00
5.172657e-02 6.649879e+00 1.224745e+00
5.220568e-02 6.835249e+00 1.224745e+00
5.268921e-02 7.025172e+00 1.224745e+00
5.317723e-02 7.219744e+00 1.224745e+00
5.366977e-02 7.419061e+00 1.224745e+00
5.416687e-02 7.623220e+00 1.224745e+00
5.466857e-02 7.832322e+00 1.224745e+00
5.517492e-02 8.046471e+00 1.224745e+00
5.568596e-02 8.265771e+00 1.224745e+00
5.620174e-02 8.490325e+00 1.224745e+00
5.672229e-02 8.720239e+00 1.224745e+00
5.724766e-02 8.955626e+00 1.224745e+00
5.777790e-02 9.196595e+00 1.224745e+00
5.831305e-02 9.443257e+00 1.224745e+00
5.885316e-02 9.695725e+00 1.224745e+00
5.939827e-02 9.954117e+00 1.224745e+00
5.994843e-02 1.021855e+01 1.224745e+00
6.050368e-02 1.048915e+01 1.224745e+00
6.106408e-02 1.076603e+01 1.224745e+00
6.162966e-02 1.104932e+01 1.224745e+00
6.220049e-02 1.133914e+01 1.224745e+00
6.277660e-02 1.163562e+01 1.224745e+00
6.335805e-02 1.193890e+01 1.224745e+00
6.394488e-02 1.224909e+01 1.224745e+00
6.453715e-02 1.256634e+01 1.224745e+00
6.513491e-02 1.289078e+01 1.224745e+00
6.573820e-02 1.322255e+01 1.224745e+00
6.634708e-02 1.356179e+01 1.224745e+00
6.696160e-02 1.390864e+01 1.224745e+00
6.758181e-02 1.426324e+01 1.224745e+00
6.820777e-02 1.462575e+01 1.224745e+00
6.883952e-02 1.499631e+01 1.224745e+00
6.947713e-02 1.537507e+01 1.224745e+00
7.012064e-02 1.576219e+01 1.224745e+00
7.077011e-02 1.615782e+01 1.224745e+00
7.142559e-02 1.656211e+01 1.224745e+00
7.208715e-02 1.697523e+01 1.224745e+00
7.275484e-02 1.739734e+01 1.224745e+00
7.342870e-02 1.782860e+01 1.224745e+00
7.410882e-02 1.826920e+01 1.224745e+00
7.479523e-02 1.871928e+01 1.224745e+00
7.548799e-02 1.917903e+01 1.224745e+00
7.618718e-02 1.964862e+01 1.224745e+00
7.689284e-02 2.012822e+01 1.224745e+00
7.760503e-02 2.061802e+01 1.224745e+00
7.832383e-02 2.111819e+01 1.224745e+00
7.904928e-02 2.162894e+01 1.224745e+00
7.978145e-02 2.215043e+01 1.224745e+00
8.052040e-02 2.268286e+01 1.224745e+00
8.126619e-02 2.322643e+01 1.224745e+00
8.201889e-02 2.378134e+01 1.224745e+00
8.277857e-02 2.434777e+01 1.224745e+00
8.354528e-02 2.492593e+01 1.224745e+00
8.431909e-02 2.551601e+01 1.224745e+00
8.510007e-02 2.611824e+01 1.224745e+00
8.588829e-02 2.673282e+01 1.224745e+00
8.668380e-02 2.735997e+01 1.224745e+00
8.748668e-02 2.799990e+01 1.224745e+00
8.829700e-02 2.865282e+01 1.224745e+00
8.911482e-02 2.931896e+01 1.224745e+00
8.994022e-02 2.999855e+01 1.224745e+00
9.077327e-02 3.069180e+01 1.224745e+00
9.161402e-02 3.139895e+01 1.224745e+00
9.246257e-02 3.212024e+01 1.224745e+00
9.331898e-02 3.285590e+01 1.224745e+00
9.418332e-02 3.360617e+01 1.224745e+00
9.505566e-02 3.437129e+01 1.224745e+00
9.593608e-02 3.515152e+01 1.224745e+00
9.682466e-02 3.594711e+01 1.224745e+00
9.772147e-02 3.675830e+01 1.224745e+00
9.862658e-02 3.758535e+01 1.224745e+00
9.954008e-02 3.842851e+01 1.224745e+00
1.004620e-01 3.928803e+01 1.224745e+00
1.013925e-01 4.016425e+01 1.224745e+00
1.023317e-01 4.105741e+01 1.224745e+00
1.032795e-01 4.196776e+01 1.224745e+00
1.042361e-01 4.289556e+01 1.224745e+00
1.052015e-01 4.384110e+01 1.224745e+00
1.061759e-01 4.480467e+01 1.224745e+00
1.071593e-01 4.578658e+01 1.224745e+00
1.081519e-01 4.678713e+01 1.224745e+00
1.091536e-01 4.780661e+01 1.224745e+00
1.101646e-01 4.884530e+01 1.224745e+00
1.111850e-01 4.990350e+01 1.224745e+00
1.122148e-01 5.098149e+01 1.224745e+00
1.132541e-01 5.207960e+01 1.224745e+00
1.143031e-01 5.319818e+01 1.224745e+00
1.153618e-01 5.433758e+01 1.224745e+00
1.164303e-01 5.549812e+01 1.224745e+00
1.175087e-01 5.668003e+01 1.224745e+00
1.185971e-01 5.788365e+01 1.224745e+00
1.196956e-01 5.910938e+01 1.224745e+00
1.208042e-01 6.035760e+01 1.224745e+00
1.219231e-01 6.162857e+01 1.224745e+00
1.230524e-01 6.292265e+01 1.224745e+00
1.241921e-01 6.424022e+01 1.224745e+00
1.253424e-01 6.558164e+01 1.224745e+00
1.265034e-01 6.694722e+01 1.224745e+00
1.276751e-01 6.833733e+01 1.224745e+00
1.288576e-01 6.975242e+01 1.224745e+00
1.300511e-01 7.119286e+01 1.224745e+00
1.312557e-01 7.265897e+01 1.224745e+00
1.324714e-01 7.415112e+01 1.224745e+00
1.336984e-01 7.566975e+01 1.224745e+00
1.349367e-01 7.721527e+01 1.224745e+00
1.361865e-01 7.878806e+01 1.224745e+00
1.374479e-01 8.038850e+01 1.224745e+00
1.387210e-01 8.201700e+01 1.224745e+00
1.400058e-01 8.367399e+01 1.224745e+00
1.413026e-01 8.535990e+01 1.224745e+00
1.426114e-01 8.707516e+01 1.224745e+00
1.439323e-01 8.882015e+01 1.224745e+00
1.452654e-01 9.059532e+01 1.224745e+00
1.466109e-01 9.240118e+01 1.224745e+00
1.479688e-01 9.423819e+01 1.224745e+00
1.493393e-01 9.610668e+01 1.224745e+00
1.507225e-01 9.800711e+01 1.224745e+00
1.521186e-01 9.994003e+01 1.224745e+00
1.535275e-01 1.019059e+02 1.224745e+00
1.549495e-01 1.039052e+02 1.224745e+00
1.563847e-01 1.059383e+02 1.224745e+00
1.578331e-01 1.080058e+02 1.224745e+00
1.592950e-01 1.101082e+02 1.224745e+00
1.607704e-01 1.122460e+02 1.224745e+00
1.622595e-01 1.144195e+02 1.224745e+00
1.637624e-01 1.166294e+02 1.224745e+00
1.652792e-01 1.188762e+02 1.224745e+00
1.668101e-01 1.211606e+02 1.224745e+00
1.683551e-01 1.234828e+02 1.224745e+00
1.699144e-01 1.258434e+02 1.224745e+00
1.714882e-01 1.282430e+02 1.224745e+00
1.730766e-01 1.306822e+02 1.224745e+00
1.746796e-01 1.331616e+02 1.224745e+00
1.762975e-01 1.356817e+02 1.224745e+00
1.779304e-01 1.382429e+02 1.224745e+00
1.795785e-01 1.408459e+02 1.224745e+00
1.812418e-01 1.434914e+02 1.224745e+00
1.829205e-01 1.461799e+02 1.224745e+00
1.846147e-01 1.489119e+02 1.224745e+00
1.863246e-01 1.516882e+02 1.224745e+00
1.880504e-01 1.545093e+02 1.224745e+00
1.897922e-01 1.573757e+02 1.224745e+00
1.915501e-01 1.602880e+02 1.224745e+00
1.933242e-01 1.632471e+02 1.224745e+00
1.951148e-01 1.662536e+02 1.224745e+00
1.969220e-01 1.693081e+02 1.224745e+00
1.987460e-01 1.724112e+02 1.224745e+00
2.005868e-01 1.755636e+02 1.224745e+00
2.024447e-01 1.787657e+02 1.224745e+00
2.043197e-01 1.820186e+02 1.224745e+00
2.062122e-01 1.853229e+02 1.224745e+00
2.081222e-01 1.886792e+02 1.224745e+00
2.100498e-01 1.920881e+02 1.224745e+00
2.119953e-01 1.955506e+02 1.224745e+00
2.139589e-01 1.990672e+02 1.224745e+00
2.159406e-01 2.026386e+02 1.224745e+00
2.179407e-01 2.062655e+02 1.224745e+00
2.199593e-01 2.099490e+02 1.224745e+00
2.219966e-01 2.136897e+02 1.224745e+00
2.240528e-01 2.174881e+02 1.224745e+00
2.261280e-01 2.213452e+02 1.224745e+00
2.282224e-01 2.252617e+02 1.224745e+00
2.303363e-01 2.292386e+02 1.224745e+00
2.324697e-01 2.332766e+02 1.224745e+00
2.346229e-01 2.373764e+02 1.224745e+00
2.367960e-01 2.415388e+02 1.224745e+00
2.389893e-01 2.457648e+02 1.224745e+00
2.412028e-01 2.500552e+02 1.224745e+00
2.434369e-01 2.544107e+02 1.224745e+00
2.456916e-01 2.588324e+02 1.224745e+00
2.479673e-01 2.633211e+02 1.224745e+00
2.502640e-01 2.678776e+02 1.224745e+00
2.525820e-01 2.725029e+02 1.224745e+00
2.549215e-01 2.771977e+02 1.224745e+00
2.572826e-01 2.819632e+02 1.224745e+00
2.596656e-01 2.868001e+02 1.224745e+00
2.620707e-01 2.917094e+02 1.224745e+00
2.644980e-01 2.966922e+02 1.224745e+00
2.669478e-01 3.017494e+02 1.224745e+00
2.694204e-01 3.068819e+02 1.224745e+00
2.719158e-01 3.120907e+02 1.224745e+00
2.744343e-01 3.173768e+02 1.224745e+00
2.769762e-01 3.227413e+02 1.224745e+00
2.795416e-01 3.281850e+02 1.224745e+00
2.821308e-01 3.337092e+02 1.224745e+00
2.847439e-01 3.393147e+02 1.224745e+00
2.873813e-01 3.450028e+02 1.224745e+00
2.900430e-01 3.507745e+02 1.224745e+00
2.927295e-01 3.566309e+02 1.224745e+00
2.954408e-01 3.625730e+02 1.224745e+00
2.981772e-01 3.686020e+02 1.224745e+00
3.009390e-01 3.747189e+02 1.224745e+00
3.037264e-01 3.809249e+02 1.224745e+00
3.065395e-01 3.872212e+02 1.224745e+00
3.093788e-01 3.936091e+02 1.224745e+00
3.122443e-01 4.000896e+02 1.224745e+00
3.151363e-01 4.066640e+02 1.224745e+00
3.180552e-01 4.133334e+02 1.224745e+00
3.210011e-01 4.200991e+02 1.224745e+00
3.239743e-01 4.269624e+02 1.224745e+00
3.269750e-01 4.339244e+02 1.224745e+00
3.300035e-01 4.409864e+02 1.224745e+00
3.330600e-01 4.481497e+02 1.224745e+00
3.361449e-01 4.554158e+02 1.224745e+00
3.392583e-01 4.627858e+02 1.224745e+00
3.424006e-01 4.702612e+02 1.224745e+00
3.455720e-01 4.778433e+02 1.224745e+00
3.487727e-01 4.855334e+02 1.224745e+00
3.520031e-01 4.933329e+02 1.224745e+00
3.552635e-01 5.012433e+02 1.224745e+00
3.585540e-01 5.092658e+02 1.224745e+00
3.618750e-01 5.174021e+02 1.224745e+00
3.652267e-01 5.256535e+02 1.224745e+00
3.686095e-01 5.340217e+02 1.224745e+00
3.720237e-01 5.425079e+02 1.224745e+00
3.754694e-01 5.511138e+02 1.224745e+00
3.789471e-01 5.598407e+02 1.224745e+00
3.824570e-01 5.686904e+02 1.224745e+00
3.859994e-01 5.776644e+02 1.224745e+00
3.895746e-01 5.867644e+02 1.224745e+00
3.931829e-01 5.959918e+02 1.224745e+00
3.968246e-01 6.053483e+02 1.224745e+00
4.005001e-01 6.148354e+02 1.224745e+00
4.042096e-01 6.244551e+02 1.224745e+00
4.079535e-01 6.342090e+02 1.224745e+00
4.117320e-01 6.440987e+02 1.224745e+00
4.155455e-01 6.541258e+02 1.224745e+00
4.193944e-01 6.642923e+02 1.224745e+00
4.232789e-01 6.745998e+02 1.224745e+00
4.271994e-01 6.850503e+02 1.224745e+00
4.311562e-01 6.956455e+02 1.224745e+00
4.351497e-01 7.063872e+02 1.224745e+00
4.391801e-01 7.172773e+02 1.224745e+00
4.432479e-01 7.283178e+02 1.224745e+00
4.473533e-01 7.395105e+02 1.224745e+00
4.514968e-01 7.508573e+02 1.224745e+00
4.556786e-01 7.623602e+02 1.224745e+00
4.598992e-01 7.740213e+02 1.224745e+00
4.641589e-01 7.858425e+02 1.224745e+00
4.684580e-01 7.978259e+02 1.224745e+00
4.727970e-01 8.099734e+02 1.224745e+00
4.771761e-01 8.222871e+02 1.224745e+00
4.815958e-01 8.347692e+02 1.224745e+00
4.860564e-01 8.474220e+02 1.224745e+00
4.905584e-01 8.602476e+02 1.224745e+00
4.951020e-01 8.732480e+02 1.224745e+00
4.996877e-01 8.864256e+02 1.224745e+00
5.043159e-01 8.997825e+02 1.224745e+00
5.089870e-01 9.133211e+02 1.224745e+00
5.137014e-01 9.270435e+02 1.224745e+00
5.184594e-01 9.409521e+02 1.224745e+00
5.232614e-01 9.550495e+02 1.224745e+00
5.281080e-01 9.693381e+02 1.224745e+00
5.329994e-01 9.838201e+02 1.224745e+00
5.379362e-01 9.984979e+02 1.224745e+00
5.429186e-01 1.013374e+03 1.224745e+00
5.479472e-01 1.028451e+03 1.224745e+00
5.530224e-01 1.043732e+03 1.224745e+00
5.581446e-01 1.059219e+03 1.224745e+00
5.633143e-01 1.074914e+03 1.224745e+00
5.685318e-01 1.090821e+03 1.224745e+00
5.737976e-01 1.106941e+03 1.224745e+00
5.791123e-01 1.123278e+03 1.224745e+00
5.844761e-01 1.139835e+03 1.224745e+00
5.898896e-01 1.156615e+03 1.224745e+00
5.953533e-01 1.173619e+03 1.224745e+00
6.008676e-01 1.190850e+03 1.224745e+00
6.064329e-01 1.208313e+03 1.224745e+00
6.120498e-01 1.226010e+03 1.224745e+00
6.177188e-01 1.243943e+03 1.224745e+00
6.234402e-01 1.262115e+03 1.224745e+00
6.292146e-01 1.280530e+03 1.224745e+00
6.350425e-01 1.299192e+03 1.224745e+00
6.409244e-01 1.318102e+03 1.224745e+00
6.468608e-01 1.337264e+03 1.224745e+00
6.528521e-01 1.356681e+03 1.224745e+00
6.588990e-01 1.376356e+03 1.224745e+00
6.650018e-01 1.396294e+03 1.224745e+00
6.711612e-01 1.416496e+03 1.224745e+00
6.773776e-01 1.436967e+03 1.224745e+00
6.836516e-01 1.457709e+03 1.224745e+00
6.899837e-01 1.478727e+03 1.224745e+00
6.963745e-01 1.500023e+03 1.224745e+00
7.028244e-01 1.521601e+03 1.224745e+00
7.093341e-01 1.543466e+03 1.224745e+00
7.159041e-01 1.565620e+03 1.224745e+00
7.225349e-01 1.588067e+03 1.224745e+00
7.292272e-01 1.610811e+03 1.224745e+00
7.359814e-01 1.633854e+03 1.224745e+00
7.427982e-01 1.657202e+03 1.224745e+00
7.496782e-01 1.680859e+03 1.224745e+00
7.566219e-01 1.704828e+03 1.224745e+00
7.636298e-01 1.729113e+03 1.224745e+00
7.707027e-01 1.753717e+03 1.224745e+00
7.778411e-01 1.778646e+03 1.224745e+00
7.850456e-01 1.803903e+03 1.224745e+00
7.923169e-01 1.829493e+03 1.224745e+00
7.996555e-01 1.855419e+03 1.224745e+00
8.070620e-01 1.881685e+03 1.224745e+00
8.145372e-01 1.908296e+03 1.224745e+00
8.220816e-01 1.935258e+03 1.224745e+00
8.296959e-01 1.962573e+03 1.224745e+00
8.373807e-01 1.990246e+03 1.224745e+00
8.451366e-01 2.018282e+03 1.224745e+00
8.529644e-01 2.046686e+03 1.224745e+00
8.608648e-01 2.075461e+03 1.224745e+00
8.688383e-01 2.104613e+03 1.224745e+00
8.768856e-01 2.134147e+03 1.224745e+00
8.850075e-01 2.164068e+03 1.224745e+00
8.932046e-01 2.194380e+03 1.224745e+00
9.014776e-01 2.225088e+03 1.224745e+00
9.098273e-01 2.256196e+03 1.224745e+00
9.182543e-01 2.287712e+03 1.224745e+00
9.267593e-01 2.319638e+03 1.224745e+00
9.353432e-01 2.351981e+03 1.224745e+00
9.440065e-01 2.384746e+03 1.224745e+00
9.527500e-01 2.417938e+03 1.224745e+00
9.615746e-01 2.451563e+03 1.224745e+00
9.704809e-01 2.485627e+03 1.224745e+00
9.794697e-01 2.520133e+03 1.224745e+00
9.885417e-01 2.555089e+03 1.224745e+00
9.976978e-01 2.590500e+03 1.224745e+00
1.006939e+00 2.626372e+03 1.224745e+00
1.016265e+00 2.662709e+03 1.224745e+00
1.025678e+00 2.699518e+03 1.224745e+00
1.035178e+00 2.736805e+03 1.224745e+00
1.044766e+00 2.774577e+03 1.224745e+00
1.054443e+00 2.812839e+03 1.224745e+00
1.064209e+00 2.851598e+03 1.224745e+00
1.074066e+00 2.890861e+03 1.224745e+00
1.084014e+00 2.930632e+03 1.224745e+00
1.094055e+00 2.970919e+03 1.224745e+00
1.104188e+00 3.011728e+03 1.224745e+00
1.114415e+00 3.053065e+03 1.224745e+00
1.124737e+00 3.094937e+03 1.224745e+00
1.135155e+00 3.137353e+03 1.224745e+00
1.145669e+00 3.180319e+03 1.224745e+00
1.156280e+00 3.223840e+03 1.224745e+00
1.166990e+00 3.267922e+03 1.224745e+00
1.177799e+00 3.312574e+03 1.224745e+00
1.188708e+00 3.357804e+03 1.224745e+00
1.199718e+00 3.403619e+03 1.224745e+00
1.210830e+00 3.450026e+03 1.224745e+00
1.222045e+00 3.497031e+03 1.224745e+00
1.233363e+00 3.544642e+03 1.224745e+00
1.244787e+00 3.592867e+03 1.224745e+00
1.256317e+00 3.641715e+03 1.224745e+00
1.267953e+00 3.691194e+03 1.224745e+00
1.279697e+00 3.741310e+03 1.224745e+00
1.291550e+00 3.792071e+03 1.224745e+00
1.303512e+00 3.843487e+03 1.224745e+00
1.315586e+00 3.895566e+03 1.224745e+00
1.327771e+00 3.948315e+03 1.224745e+00
1.340069e+00 4.001743e+03 1.224745e+00
1.352481e+00 4.055859e+03 1.224745e+00
1.365008e+00 4.110671e+03 1.224745e+00
1.377651e+00 4.166188e+03 1.224745e+00
1.390411e+00 4.222418e+03 1.224745e+00
1.403289e+00 4.279371e+03 1.224745e+00
1.416287e+00 4.337056e+03 1.224745e+00
1.429405e+00 4.395483e+03 1.224745e+00
1.442644e+00 4.454661e+03 1.224745e+00
1.456006e+00 4.514597e+03 1.224745e+00
1.469492e+00 4.575303e+03 1.224745e+00
1.483103e+00 4.636788e+03 1.224745e+00
1.496839e+00 4.699062e+03 1.224745e+00
1.510703e+00 4.762133e+03 1.224745e+00
1.524696e+00 4.826013e+03 1.224745e+00
1.538818e+00 4.890713e+03 1.224745e+00
1.553071e+00 4.956241e+03 1.224745e+00
1.567455e+00 5.022609e+03 1.224745e+00
1.581973e+00 5.089828e+03 1.224745e+00
1.596626e+00 5.157907e+03 1.224745e+00
1.611414e+00 5.226856e+03 1.224745e+00
1.626340e+00 5.296686e+03 1.224745e+00
1.641403e+00 5.367410e+03 1.224745e+00
1.656606e+00 5.439041e+03 1.224745e+00
1.671950e+00 5.511587e+03 1.224745e+00
1.687436e+00 5.585060e+03 1.224745e+00
1.703065e+00 5.659472e+03 1.224745e+00
1.718839e+00 5.734835e+03 1.224745e+00
1.734759e+00 5.811160e+03 1.224745e+00
1.750827e+00 5.888460e+03 1.224745e+00
1.767044e+00 5.966747e+03 1.224745e+00
1.783410e+00 6.046033e+03 1.224745e+00
1.799929e+00 6.126329e+03 1.224745e+00
1.816600e+00 6.207648e+03 1.224745e+00
1.833425e+00 6.290004e+03 1.224745e+00
1.850407e+00 6.373411e+03 1.224745e+00
1.867546e+00 6.457882e+03 1.224745e+00
1.884843e+00 6.543429e+03 1.224745e+00
1.902301e+00 6.630066e+03 1.224745e+00
1.919921e+00 6.717806e+03 1.224745e+00
1.937703e+00 6.806663e+03 1.224745e+00
1.955651e+00 6.896651e+03 1.224745e+00
1.973764e+00 6.987785e+03 1.224745e+00
1.992046e+00 7.080078e+03 1.224745e+00
2.010496e+00 7.173544e+03 1.224745e+00
2.029118e+00 7.268197e+03 1.224745e+00
2.047912e+00 7.364052e+03 1.224745e+00
2.066880e+00 7.461126e+03 1.224745e+00
2.086024e+00 7.559435e+03 1.224745e+00
2.105345e+00 7.658994e+03 1.224745e+00
2.124845e+00 7.759815e+03 1.224745e+00
2.144526e+00 7.861913e+03 1.224745e+00
2.164389e+00 7.965307e+03 1.224745e+00
2.184436e+00 8.070017e+03 1.224745e+00
2.204669e+00 8.176054e+03 1.224745e+00
2.225089e+00 8.283433e+03 1.224745e+00
2.245698e+00 8.392173e+03 1.224745e+00
2.266498e+00 8.502293e+03 1.224745e+00
2.287491e+00 8.613809e+03 1.224745e+00
2.308678e+00 8.726734e+03 1.224745e+00
2.330061e+00 8.841090e+03 1.224745e+00
2.351643e+00 8.956895e+03 1.224745e+00
2.373424e+00 9.074166e+03 1.224745e+00
2.395407e+00 9.192918e+03 1.224745e+00
2.417594e+00 9.313173e+03 1.224745e+00
2.439986e+00 9.434950e+03 1.224745e+00
2.462586e+00 9.558265e+03 1.224745e+00
2.485395e+00 9.683135e+03 1.224745e+00
2.508415e+00 9.809585e+03 1.224745e+00
2.531648e+00 9.937636e+03 1.224745e+00
2.555097e+00 1.006730e+04 1.224745e+00
2.578763e+00 1.019860e+04 1.224745e+00
2.602648e+00 1.033155e+04 1.224745e+00
2.626754e+00 1.046619e+04 1.224745e+00
2.651084e+00 1.060253e+04 1.224745e+00
2.675638e+00 1.074058e+04 1.224745e+00
2.700421e+00 1.088038e+04 1.224745e+00
2.725433e+00 1.102193e+04 1.224745e+00
2.750676e+00 1.116526e+04 1.224745e+00
2.776153e+00 1.131041e+04 1.224745e+00
2.801867e+00 1.145738e+04 1.224745e+00
2.827818e+00 1.160620e+04 1.224745e+00
2.854010e+00 1.175690e+04 1.224745e+00
2.880444e+00 1.190948e+04 1.224745e+00
2.907123e+00 1.206399e+04 1.224745e+00
2.934050e+00 1.222044e+04 1.224745e+00
2.961225e+00 1.237885e+04 1.224745e+00
2.988653e+00 1.253926e+04 1.224745e+00
3.016334e+00 1.270168e+04 1.224745e+00
3.044272e+00 1.286615e+04 1.224745e+00
3.072469e+00 1.303267e+04 1.224745e+00
3.100927e+00 1.320129e+04 1.224745e+00
3.129648e+00 1.337202e+04 1.224745e+00
3.158635e+00 1.354490e+04 1.224745e+00
3.187891e+00 1.371993e+04 1.224745e+00
3.217418e+00 1.389716e+04 1.224745e+00
3.247218e+00 1.407662e+04 1.224745e+00
3.277295e+00 1.425832e+04 1.224745e+00
3.307650e+00 1.444230e+04 1.224745e+00
3.338286e+00 1.462858e+04 1.224745e+00
3.369206e+00 1.481719e+04 1.224745e+00
3.400412e+00 1.500817e+04 1.224745e+00
3.431907e+00 1.520153e+04 1.224745e+00
3.463694e+00 1.539731e+04 1.224745e+00
3.495776e+00 1.559553e+04 1.224745e+00
3.528154e+00 1.579623e+04 1.224745e+00
3.560833e+00 1.599944e+04 1.224745e+00
3.593814e+00 1.620519e+04 1.224745e+00
3.627100e+00 1.641351e+04 1.224745e+00
3.660695e+00 1.662442e+04 1.224745e+00
3.694601e+00 1.683797e+04 1.224745e+00
3.728821e+00 1.705417e+04 1.224745e+00
3.763358e+00 1.727308e+04 1.224745e+00
3.798215e+00 1.749471e+04 1.224745e+00
3.833395e+00 1.771910e+04 1.224745e+00
3.868901e+00 1.794629e+04 1.224745e+00
3.904735e+00 1.817631e+04 1.224745e+00
3.940902e+00 1.840919e+04 1.224745e+00
3.977403e+00 1.864497e+04 1.224745e+00
4.014242e+00 1.888368e+04 1.224745e+00
4.051423e+00 1.912535e+04 1.224745e+00
4.088948e+00 1.937004e+04 1.224745e+00
4.126821e+00 1.961776e+04 1.224745e+00
4.165044e+00 1.986856e+04 1.224745e+00
4.203622e+00 2.012248e+04 1.224745e+00
4.242556e+00 2.037955e+04 1.224745e+00
4.281852e+00 2.063981e+04 1.224745e+00
4.321511e+00 2.090329e+04 1.224745e+00
4.361538e+00 2.117004e+04 1.224745e+00
4.401935e+00 2.144010e+04 1.224745e+00
4.442707e+00 2.171350e+04 1.224745e+00
4.483856e+00 2.199029e+04 1.224745e+00
4.525386e+00 2.227052e+04 1.224745e+00
4.567301e+00 2.255420e+04 1.224745e+00
4.609604e+00 2.284140e+04 1.224745e+00
4.652300e+00 2.313215e+04 1.224745e+00
4.695390e+00 2.342650e+04 1.224745e+00
4.738880e+00 2.372449e+04 1.224745e+00
4.782772e+00 2.402616e+04 1.224745e+00
4.827071e+00 2.433155e+04 1.224745e+00
4.871780e+00 2.464072e+04 1.224745e+00
4.916904e+00 2.495370e+04 1.224745e+00
4.962445e+00 2.527055e+04 1.224745e+00
5.008408e+00 2.559130e+04 1.224745e+00
5.054797e+00 2.591601e+04 1.224745e+00
5.101615e+00 2.624471e+04 1.224745e+00
5.148867e+00 2.657746e+04 1.224745e+00
5.196557e+00 2.691433e+04 1.224745e+00
5.244689e+00 2.725534e+04 1.224745e+00
5.293266e+00 2.760053e+04 1.224745e+00
5.342293e+00 2.794998e+04 1.224745e+00
5.391775e+00 2.830373e+04 1.224745e+00
5.441714e+00 2.866183e+04 1.224745e+00
5.492116e+00 2.902432e+04 1.224745e+00
5.542986e+00 2.939127e+04 1.224745e+00
5.594326e+00 2.976273e+04 1.224745e+00
5.646141e+00 3.013875e+04 1.224745e+00
5.698437e+00 3.051937e+04 1.224745e+00
5.751217e+00 3.090467e+04 1.224745e+00
5.804486e+00 3.129469e+04 1.224745e+00
5.858248e+00 3.168950e+04 1.224745e+00
5.912508e+00 3.208914e+04 1.224745e+00
5.967271e+00 3.249367e+04 1.224745e+00
6.022541e+00 3.290316e+04 1.224745e+00
6.078323e+00 3.331765e+04 1.224745e+00
6.134622e+00 3.373723e+04 1.224745e+00
6.191442e+00 3.416193e+04 1.224745e+00
6.248788e+00 3.459182e+04 1.224745e+00
6.306666e+00 3.502697e+04 1.224745e+00
6.365079e+00 3.546743e+04 1.224745e+00
6.424034e+00 3.591326e+04 1.224745e+00
6.483534e+00 3.636454e+04 1.224745e+00
6.543586e+00 3.682133e+04 1.224745e+00
6.604194e+00 3.728368e+04 1.224745e+00
6.665363e+00 3.775168e+04 1.224745e+00
6.727099e+00 3.822537e+04 1.224745e+00
6.789407e+00 3.870484e+04 1.224745e+00
6.852292e+00 3.919014e+04 1.224745e+00
6.915759e+00 3.968135e+04 1.224745e+00
6.979814e+00 4.017853e+04 1.224745e+00
7.044462e+00 4.068176e+04 1.224745e+00
7.109709e+00 4.119111e+04 1.224745e+00
7.175561e+00 4.170665e+04 1.224745e+00
7.242022e+00 4.222845e+04 1.224745e+00
7.309099e+00 4.275659e+04 1.224745e+00
7.376798e+00 4.329113e+04 1.224745e+00
7.445123e+00 4.383216e+04 1.224745e+00
7.514081e+00 4.437975e+04 1.224745e+00
7.583678e+00 4.493398e+04 1.224745e+00
7.653919e+00 4.549492e+04 1.224745e+00
7.724811e+00 4.606266e+04 1.224745e+00
7.796360e+00 4.663727e+04 1.224745e+00
7.868572e+00 4.721884e+04 1.224745e+00
7.941452e+00 4.780744e+04 1.224745e+00
8.015007e+00 4.840316e+04 1.224745e+00
8.089243e+00 4.900608e+04 1.224745e+00
8.164168e+00 4.961628e+04 1.224745e+00
8.239786e+00 5.023384e+04 1.224745e+00
8.316104e+00 5.085887e+04 1.224745e+00
8.393129e+00 5.149143e+04 1.224745e+00
8.470868e+00 5.213163e+04 1.224745e+00
8.549327e+00 5.277956e+04 1.224745e+00
8.628513e+00 5.343529e+04 1.224745e+00
8.708431e+00 5.409891e+04 1.224745e+00
8.789091e+00 5.477052e+04 1.224745e+00
8.870497e+00 5.545021e+04 1.224745e+00
8.952657e+00 5.613809e+04 1.224745e+00
9.035578e+00 5.683424e+04 1.224745e+00
9.119268e+00 5.753875e+04 1.224745e+00
9.203732e+00 5.825174e+04 1.224745e+00
9.288979e+00 5.897328e+04 1.224745e+00
9.375015e+00 5.970348e+04 1.224745e+00
9.461848e+00 6.044245e+04 1.224745e+00
9.549486e+00 6.119028e+04 1.224745e+00
9.637935e+00 6.194709e+04 1.224745e+00
9.727203e+00 6.271296e+04 1.224745e+00
9.817298e+00 6.348800e+04 1.224745e+00
9.908228e+00 6.427233e+04 1.224745e+00
1.000000e+01 6.506604e+04 1.224745e+00
